-0.000136115793105906
-0.000083813960086991
-0.000117312078328881
-0.000118692630256271
-0.000045540939504971
-0.000017868061419129
-0.000136460701300959
-0.000313326493489223
-0.000379070709332533
-0.000308330155992001
-0.000242632393739344
-0.000303306392456607
-0.000464407495675903
-0.000622931711255796
-0.000729523331179178
-0.000811907814721360
-0.000894406035991518
-0.000930918315606926
-0.000836556521696463
-0.000592730300420986
-0.000305116679409480
-0.000124584688756367
-0.000108961077077221
-0.000194181709927344
-0.000291767341865232
-0.000354951423352697
-0.000349211952126988
-0.000251131169558570
-0.000119562663721185
-0.000079885144749981
-0.000168782190667220
-0.000271012334285285
-0.000290392616936228
-0.000304586595843569
-0.000441599039659518
-0.000666221428695736
-0.000820746129808514
-0.000844739102573712
-0.000824427992877901
-0.000841483230454562
-0.000900347156838414
-0.000995522710262628
-0.001120499949448159
-0.001211293877048863
-0.001212924078444242
-0.001204444585368474
-0.001318108039865683
-0.001523615891572275
-0.001642070141600471
-0.001599301432974407
-0.001512032446334138
-0.001486312963160938
-0.001492022161719656
-0.001491916828222753
-0.001528916083137211
-0.001604647654180680
-0.001625036656383118
-0.001558709808615408
-0.001507280163828148
-0.001527028831045382
-0.001528735959739390
-0.001455918218875046
-0.001406464462114939
-0.001454363872385622
-0.001507793483646169
-0.001494850432233475
-0.001541239381313868
-0.001778422246537812
-0.002091027357293858
-0.002252774117526099
-0.002233225902705123
-0.002179824935841413
-0.002158795021019700
-0.002105798889067749
-0.002000447740924849
-0.001917048413879498
-0.001916397557342486
-0.002020663751051635
-0.002255616851329212
-0.002584352882283368
-0.002852939191759549
-0.002943806528094613
-0.002926772760084010
-0.002919359931885884
-0.002880737691672139
-0.002716455466167423
-0.002504536806069731
-0.002409267958900065
-0.002425886644906376
-0.002424265939535637
-0.002395116641846563
-0.002417209821523827
-0.002420790210196445
-0.002258933910176552
-0.002019415420758707
-0.001974799965028716
-0.002162112435318300
-0.002292361035179260
-0.002181505747979633
-0.002007812865677210
-0.001994438624031303
-0.002068731359681891
-0.002019350238598075
-0.001810921686587118
-0.001558314225942633
-0.001336400714029257
-0.001195439186828235
-0.001232036518601843
-0.001449398162756506
-0.001646331899332587
-0.001640333580391905
-0.001530887119841952
-0.001550498519538805
-0.001703104574145830
-0.001751538635207958
-0.001563755911138235
-0.001286109250044211
-0.001123665762411243
-0.001089282690584536
-0.001046882410377282
-0.000916602411134259
-0.000752507317818975
-0.000638703963087460
-0.000562412551084909
-0.000415354221708979
-0.000129778760671523
0.000206573271755251
0.000420301568127550
0.000443324224593406
0.000375782745746844
0.000341003587066450
0.000348619443018667
0.000336445214878260
0.000271628193399663
0.000154860721130466
-0.000006894686974340
-0.000167571373760674
-0.000246199598905322
-0.000232919489903332
-0.000223710211335500
-0.000268637906756105
-0.000260452175511559
-0.000090415164933443
0.000141644449730431
0.000224087720332483
0.000133019661054316
0.000080111966993213
0.000217157964247061
0.000427523081324823
0.000496679811988625
0.000391379303515448
0.000259608408263868
0.000210933062936150
0.000220037559737628
0.000239354165062139
0.000288864206898843
0.000389948582708847
0.000490134122599144
0.000521442395330203
0.000500364382703190
0.000514926460564064
0.000625189274246474
0.000812781117717989
0.001011501602377893
0.001151282946287964
0.001192618609196046
0.001164444411160569
0.001156155548715411
0.001225262434361818
0.001322852190413330
0.001357637825499125
0.001316955846107531
0.001263336205457797
0.001227825962146903
0.001187049533119476
0.001140442568097198
0.001112836876926646
0.001065864289588378
0.000913126100519812
0.000662418441682934
0.000440927014300514
0.000325327413154657
0.000245514396025645
0.000122050145412536
-0.000001155362539032
-0.000044477722178134
-0.000019681577226785
0.000025159407416038
0.000100097842806019
0.000207139360656419
0.000264758556223102
0.000221146410943388
0.000167758270860235
0.000204878979729988
0.000263606431382109
0.000219473199816744
0.000129757075747726
0.000171172422078825
0.000351532035494676
0.000473075350352142
0.000418597350885362
0.000306603341282722
0.000296540849364011
0.000378983613843592
0.000446038531736329
0.000468454300720998
0.000506255955018564
0.000593892262189307
0.000689250958867923
0.000727647248275066
0.000704480070319510
0.000710045301349334
0.000854212023067959
0.001122365575743564
0.001357987698279111
0.001452421061535558
0.001486494567510365
0.001584572457543166
0.001696666051243249
0.001670812777766194
0.001503078621427334
0.001349434940224516
0.001294044685875578
0.001270560693309306
0.001225632710813285
0.001191549955215703
0.001165687813553632
0.001089889427891537
0.001003186261462563
0.001048149157671808
0.001253320965565958
0.001466861170100359
0.001588182011428014
0.001706247654612017
0.001904103587560408
0.002081305796797531
0.002108493684460527
0.002037010875026893
0.002011079156969311
0.002066890816220331
0.002155718505954347
0.002277099927120367
0.002440726200936781
0.002565333248607352
0.002569232409094356
0.002520191913916907
0.002554424104824780
0.002673862230456145
0.002753115208853315
0.002728161394969869
0.002658860291640318
0.002621545577497103
0.002652584719046646
0.002775900205098706
0.002962545117427087
0.003075590901520155
0.002988446750264325
0.002768214252557289
0.002616887664526400
0.002611646429900232
0.002629712886287187
0.002563774388573742
0.002477374478377774
0.002476998235788049
0.002548651891064315
0.002623252221360103
0.002716282258100940
0.002876146539582365
0.003034927042819997
0.003040417334813752
0.002848531058933618
0.002586627970012033
0.002397581547846574
0.002299489601944557
0.002237464387556242
0.002198394434472613
0.002203466695534443
0.002229839576117879
0.002221714429777410
0.002171444695928711
0.002118440435358307
0.002061710593009198
0.001945675290867960
0.001760021709707720
0.001587606981644172
0.001501273618962552
0.001453316478426968
0.001323085783546536
0.001061293285878698
0.000754855108435357
0.000562752929571853
0.000597046871722046
0.000821769337272468
0.001046242260069465
0.001079565234375747
0.000938509225101684
0.000846182067650653
0.000972963775251985
0.001245714629095468
0.001481589285605914
0.001627930150008953
0.001756936415124244
0.001887739495372242
0.001962866105731524
0.001979419797439875
0.001992065075637966
0.001978515438322139
0.001851727036299714
0.001638640429783581
0.001502697707620939
0.001527725562625053
0.001602207323340810
0.001591081739198117
0.001519047283157399
0.001506127868683603
0.001604771143320622
0.001768331534504405
0.001906112523703408
0.001920967826393980
0.001785010732384347
0.001627496673289715
0.001633633149725808
0.001790801106034804
0.001869072357144678
0.001750478261773970
0.001628554208305473
0.001726617276443439
0.001949245898182124
0.002028102400916480
0.001939424053085108
0.001927822225742281
0.002110484239361395
0.002299837686375192
0.002300074475836054
0.002183751240112629
0.002148564539231594
0.002236721820034308
0.002334258768181711
0.002363077173774212
0.002343967339499990
0.002317313413248335
0.002310619919946470
0.002353945838477365
0.002435999777059003
0.002473290229325815
0.002410014427617536
0.002321924671891717
0.002329539301931656
0.002430778164181998
0.002525100608912183
0.002594327690726778
0.002729094057999390
0.002939864418419705
0.003071788720474064
0.002998734591099213
0.002809528015695598
0.002680976605816447
0.002618080389213112
0.002462706359096564
0.002163028689988764
0.001891185727326329
0.001826004160897267
0.001921515445343996
0.001991922054112395
0.001970429514711265
0.001969116319026520
0.002086350421131702
0.002258473746204694
0.002343159633037328
0.002285339402782163
0.002149835051525861
0.002024154083177226
0.001936248284141373
0.001855449748287196
0.001740483001318076
0.001591726908576744
0.001476245787227336
0.001485586136698271
0.001638797742796295
0.001835795402772720
0.001940568179996688
0.001912830031046561
0.001829020958255206
0.001772821385365765
0.001745284896727956
0.001701920409959647
0.001638572762183781
0.001594861794638811
0.001583765552867862
0.001562141059579117
0.001482963522289418
0.001353503857907440
0.001232230294752929
0.001179472538331267
0.001207100565638326
0.001261305008043795
0.001267312909773386
0.001215963245402293
0.001187875780687396
0.001251062908516410
0.001351533388373518
0.001364760809992973
0.001248322607055665
0.001069592682390330
0.000882215635843330
0.000678265364635060
0.000495413878894946
0.000450324440338337
0.000578141875530429
0.000737753286442007
0.000794353573909432
0.000820519967960213
0.000973898103837679
0.001224416366165984
0.001370135485355707
0.001321230654126888
0.001203433386967869
0.001147191566496932
0.001131557814823752
0.001102755996842548
0.001102494885032225
0.001172558328337938
0.001236952966229657
0.001200121484727905
0.001099689025262867
0.001046376620937463
0.001046044246396020
0.000991393943532286
0.000830256188662855
0.000651400120974578
0.000573348122636465
0.000602467306833509
0.000643935763937037
0.000638940645201039
0.000648624271511051
0.000770738629322475
0.000991819836245764
0.001188611747502863
0.001296693738313698
0.001392418340568478
0.001540781519466544
0.001650642606174541
0.001602197415126709
0.001458309253412972
0.001396929681493020
0.001459586489201577
0.001531067205027115
0.001562154369136542
0.001623181925704457
0.001704491188306837
0.001667560637102916
0.001482303961714486
0.001330209544877077
0.001348059282485986
0.001421158583312640
0.001371201977374468
0.001221071580096973
0.001116400854260781
0.001080803857545564
0.001011584385788467
0.000860045649000096
0.000671040393204859
0.000480443992217347
0.000295452039137944
0.000147774436520683
0.000065989839063602
0.000022571489438582
-0.000019524874247993
-0.000056719779599187
-0.000099996645716097
-0.000196816547382204
-0.000323910140318302
-0.000359612390154662
-0.000257794225687740
-0.000140131874477972
-0.000103122830340126
-0.000057176087496746
0.000093199083081871
0.000232982820886589
0.000202325695401864
0.000095200330438352
0.000161463352286543
0.000435661479116325
0.000690165323973749
0.000780548779052130
0.000824055879920789
0.000958696586773011
0.001099044116522953
0.001057405918969181
0.000823830914590287
0.000617057602505001
0.000665459804395999
0.000975830864004892
0.001322930073122213
0.001478637546700423
0.001449407399766882
0.001435139817501527
0.001549689746188645
0.001688173254500807
0.001717283880232019
0.001664505080699001
0.001618593750418881
0.001569117363892209
0.001484464004703943
0.001441718614874393
0.001513816095176975
0.001608405975686134
0.001589883515998818
0.001498758288203653
0.001483645644551768
0.001578585511630373
0.001716855577650134
0.001888208586264740
0.002081442750644660
0.002142805248717427
0.001936260713326932
0.001618915112876079
0.001508045647636083
0.001665203138541525
0.001850455387601258
0.001906660961596840
0.001930857219661174
0.002007937100159794
0.002038672401925643
0.001951042496455970
0.001863331304688813
0.001894865212159835
0.001985273091180803
0.002036944400006092
0.002091222873329563
0.002230224198199509
0.002421909002576893
0.002580997276047016
0.002684114091857943
0.002731696761154661
0.002702583631053508
0.002633548598531463
0.002631127925003777
0.002712677013291351
0.002744630001385800
0.002630857114714693
0.002455113381935621
0.002340498702695439
0.002271227119243580
0.002159610747485447
0.002005647523764311
0.001891486491370735
0.001883124305168291
0.002005142619122197
0.002230459903887767
0.002438073276643043
0.002488212525647357
0.002408280042025909
0.002386187207803217
0.002501733744118996
0.002603329772948251
0.002559382869802669
0.002483072668677490
0.002544080569185399
0.002672047824604370
0.002647440031701155
0.002434350796487115
0.002229526354733107
0.002186265441850824
0.002257647784048803
0.002333450608068716
0.002382868145612464
0.002413466326775238
0.002411105036013674
0.002395314370403544
0.002456181383605475
0.002652373391093721
0.002898042096547435
0.003017511528446526
0.002929925747083631
0.002753487687064722
0.002696222463139126
0.002837463543119409
0.003048174137757523
0.003152560736165526
0.003129160933492759
0.003096073689297810
0.003133945848032194
0.003216638108324754
0.003307897510164132
0.003415844124183964
0.003526553154249865
0.003588503083432682
0.003607185446381048
0.003659866164948562
0.003764484508319152
0.003826910151109612
0.003780343956483626
0.003686933248438533
0.003627892235826399
0.003577750836323392
0.003472202083790911
0.003325994163860540
0.003194202433690346
0.003083969602008399
0.002994156663844862
0.002969544698659133
0.003010112421447263
0.002997768897992530
0.002841995070411525
0.002639509516583506
0.002536352543826858
0.002471819192452765
0.002249827922186272
0.001876777211789102
0.001619514307112578
0.001638138312408546
0.001746018336615165
0.001691731628383651
0.001544607522004399
0.001584686822305557
0.001857935131069046
0.002075071075620777
0.002004630548900919
0.001769677802900919
0.001635653961158625
0.001649763543104670
0.001655829951764116
0.001584154320076700
0.001537084103448606
0.001590699634879186
0.001675559712626952
0.001697662790679681
0.001657894816022074
0.001603838219657346
0.001560668852799436
0.001551192601766994
0.001591080352866890
0.001626109528726411
0.001571778027542433
0.001454197025949359
0.001404212848345004
0.001466324140132489
0.001533872876367213
0.001531526585468036
0.001524449142037191
0.001562449279207722
0.001564277074679588
0.001480733517111647
0.001435428480131605
0.001545211596587561
0.001709845538226660
0.001751551606840572
0.001676895660615615
0.001624537963630876
0.001628161631978437
0.001616877217576057
0.001589096483781336
0.001590099659659815
0.001564199320033376
0.001436434372706330
0.001312990172401078
0.001382677419739299
0.001617770469842903
0.001783855569858381
0.001768061758451314
0.001697076466662739
0.001700040950613028
0.001754584446335385
0.001813061660056272
0.001887544558759378
0.001950787683367244
0.001933574638497093
0.001878763504839735
0.001918470051950919
0.002040186272826598
0.002067502585205259
0.001948192502386012
0.001862190154580960
0.001938543152739904
0.002053380574829720
0.002038066941024071
0.001920144423549026
0.001814150584485140
0.001721274413268024
0.001595207943558318
0.001488504206903687
0.001472641293576585
0.001494904288821953
0.001452919585682949
0.001344212446880602
0.001231353525102154
0.001136709288631418
0.001075310055727722
0.001101907778563230
0.001212442956006099
0.001288196842836162
0.001258298173458322
0.001230927261438281
0.001331728748003441
0.001491675016981350
0.001543135674346695
0.001467791266001355
0.001390923136132911
0.001356115406117878
0.001262891965854872
0.001047284695722548
0.000803404856413371
0.000682688388604233
0.000739051115260048
0.000897311324702393
0.001029063733919252
0.001046423276720100
0.000947931330043040
0.000780802793214845
0.000570180779586153
0.000322574865410852
0.000087397062335790
-0.000058413360723809
-0.000100659172873271
-0.000090789780128729
-0.000050883765555027
0.000032866294933409
0.000111504646092809
0.000090609842122101
-0.000011181161165056
-0.000045044045974419
0.000061111331726313
0.000194021945554481
0.000227429669716133
0.000189812580773194
0.000179530148227938
0.000230232267502802
0.000352884883560701
0.000585195659303463
0.000878468624277134
0.001051667315983244
0.001001223357844824
0.000861130801984135
0.000808655783374551
0.000809610944934749
0.000732922959882925
0.000634196717660156
0.000703261581166971
0.000949301270533215
0.001158247054208988
0.001201412454717300
0.001197212924130242
0.001296900772731222
0.001474026670043111
0.001629326386912622
0.001775989376695464
0.001984560369934185
0.002206734495784538
0.002286597800743069
0.002149336002692373
0.001893110349946337
0.001675161746204784
0.001565042037502105
0.001535690549224946
0.001546497690141668
0.001572585525243816
0.001564487033793045
0.001461526470315192
0.001295724455666385
0.001225852768418541
0.001379095070436492
0.001669384955246254
0.001861642356651531
0.001831403302329905
0.001678634634819020
0.001558854281143873
0.001494152827611627
0.001414665209761935
0.001318924574453295
0.001306043025108702
0.001461418404210584
0.001759146421819084
0.002072310798980076
0.002263569919829132
0.002287726531836403
0.002211750031166805
0.002107014988759027
0.001944106406556496
0.001663250878156797
0.001332323152034138
0.001122367094353484
0.001096692106176607
0.001133499742822814
0.001110754612205731
0.001059974581747474
0.001060125470678299
0.001086497504084872
0.001082295771286010
0.001101973418041587
0.001234478190093360
0.001407060843238571
0.001414910563866062
0.001184633000028129
0.000899836614152320
0.000796039160088490
0.000891479623921871
0.000995154714751769
0.000956232053410036
0.000824163853604438
0.000738053744606700
0.000725637756101119
0.000687176807063918
0.000557013996991358
0.000387041225811215
0.000246264582565942
0.000129134507075538
0.000018659671121331
-0.000045620883539504
-0.000045158384666623
-0.000052699558928079
-0.000122136223364291
-0.000171169161221738
-0.000094805338369288
0.000051434274857403
0.000113723825724064
0.000053019434148064
-0.000038623814729581
-0.000105408257836599
-0.000163391586085031
-0.000189850179452429
-0.000142347464799227
-0.000087405511978626
-0.000139703698454319
-0.000259006080541273
-0.000282982541966213
-0.000188810167804415
-0.000136777494508275
-0.000205018604620655
-0.000268677195695030
-0.000216617424375246
-0.000109971590017791
-0.000035197750168289
0.000032234961139572
0.000115677892084876
0.000148359309589857
0.000111440726700429
0.000118570377260955
0.000245140827762975
0.000401675048191651
0.000488769003085452
0.000549676919699708
0.000654359502166269
0.000760134015641029
0.000811413431110068
0.000857330014759367
0.000940360464257823
0.000978857918812813
0.000894522946776363
0.000761309377560480
0.000699606364079782
0.000706928300353454
0.000709212925887833
0.000697227919237880
0.000705642517284538
0.000736822611110295
0.000793910431245339
0.000901379255580146
0.001026384451641733
0.001097264427422164
0.001158477497280732
0.001346184539384439
0.001631820063171075
0.001786699894564688
0.001719330068459028
0.001634407353530522
0.001695480757141793
0.001751178041629059
0.001615075483553387
0.001416963765995456
0.001408304005969333
0.001571143326771205
0.001701067610573804
0.001758486279399984
0.001846059195244693
0.001927385579299725
0.001871367345951782
0.001730122870714252
0.001687156515425548
0.001756173505684321
0.001801528647719386
0.001828393047793003
0.001964900964428459
0.002159887672602525
0.002193859810359895
0.002026700985516075
0.001860778155156785
0.001807176178661012
0.001750892459497599
0.001611932215495960
0.001483948798478070
0.001425522722142532
0.001350090665411272
0.001223171576282837
0.001151033578240674
0.001167611632629423
0.001138756238083432
0.000994177344886131
0.000868203911887591
0.000891818721073933
0.001013368547798550
0.001136120089712270
0.001265041416921202
0.001397315605124798
0.001427809156406633
0.001299667328029503
0.001121526327326139
0.001015399616172353
0.000962944489368554
0.000900402611489195
0.000839374250692555
0.000796971120219474
0.000741169416266373
0.000704179977669053
0.000799011735354801
0.001002935872028848
0.001081570039975240
0.000886953355215928
0.000598807214296770
0.000488900435052691
0.000546701258551720
0.000533870160394438
0.000350295041534883
0.000150481499363371
0.000106157162258928
0.000217647767209439
0.000379345351778076
0.000504608897228641
0.000551619987867421
0.000508355219341828
0.000382362267496535
0.000174450212218329
-0.000117159066629366
-0.000434527701981422
-0.000656794235398952
-0.000718264017228734
-0.000680444083341803
-0.000631581972214609
-0.000581779954967259
-0.000527805753528093
-0.000538343986994025
-0.000660949460217425
-0.000798760832603231
-0.000809319543249148
-0.000708014584808268
-0.000653578485562866
-0.000728705425246794
-0.000845679472321657
-0.000893211584739910
-0.000879882017619028
-0.000883872031650707
-0.000925902073962966
-0.000951684782483081
-0.000919608371782392
-0.000863983520589598
-0.000860207752747835
-0.000933531430496827
-0.001020659610197000
-0.001048291178133792
-0.001041148775995668
-0.001102855868346331
-0.001278449184899351
-0.001491677195879497
-0.001645058721310742
-0.001726221671055673
-0.001780276548928594
-0.001837333618768004
-0.001917342231651885
-0.002048481669612270
-0.002213854729583893
-0.002324226461982282
-0.002316691466280722
-0.002250043775217495
-0.002231063625117792
-0.002270014176317876
-0.002281989105473016
-0.002214735817100099
-0.002097657353417505
-0.001967131173688775
-0.001822618825552344
-0.001677380715318174
-0.001588696673468383
-0.001599071704115807
-0.001678597692128124
-0.001754824693703778
-0.001786580119867519
-0.001793040077430852
-0.001816598488598482
-0.001866154285896377
-0.001904020241202985
-0.001896139739880786
-0.001859630100185225
-0.001828397893886343
-0.001783086693246841
-0.001673296389673763
-0.001518292434438216
-0.001414145706383284
-0.001407713166068630
-0.001437961587835207
-0.001455667797832097
-0.001519122544914569
-0.001677515987849142
-0.001823019854405220
-0.001789766865164337
-0.001587756453980908
-0.001413009917450588
-0.001405767544873381
-0.001512322460523805
-0.001624819878205315
-0.001740801448185450
-0.001898855529697467
-0.002039384977301046
-0.002048491730958212
-0.001924441891667925
-0.001803554282867545
-0.001799441938641269
-0.001881601931155955
-0.001950892268870688
-0.001995993735699913
-0.002117044390238914
-0.002380073045380516
-0.002685671295991791
-0.002836787308700395
-0.002753638422596788
-0.002576655591821960
-0.002508498951074696
-0.002578369496455117
-0.002626191636193004
-0.002516597731880718
-0.002295052572719143
-0.002106398392169487
-0.002023928696813655
-0.002008023441892503
-0.001992917407286143
-0.001960951306321951
-0.001943770228064445
-0.001978428471322285
-0.002049281122073063
-0.002072247806129828
-0.001984395955212008
-0.001860919797169134
-0.001872527140601169
-0.002087192018926389
-0.002381723957894179
-0.002596310772871561
-0.002695490008819037
-0.002712633825906829
-0.002642575975750904
-0.002511354305416343
-0.002463872395798890
-0.002615486497108987
-0.002863531634632492
-0.003024944867471684
-0.003129659947828702
-0.003360906455640155
-0.003695313134518570
-0.003858659424325827
-0.003730962512285134
-0.003550117199703315
-0.003551487423814155
-0.003617250422477449
-0.003502323015088665
-0.003248419006410067
-0.003117016639299633
-0.003203645185380864
-0.003374430008236394
-0.003534323004132845
-0.003700358415703720
-0.003821454290944852
-0.003787619100816726
-0.003657451830054349
-0.003639894941552836
-0.003785811261462566
-0.003915359832124262
-0.003926167090544119
-0.003947258785998559
-0.004070086817291639
-0.004141332221942871
-0.003994234760267826
-0.003727183022482190
-0.003570765204819690
-0.003590569176551151
-0.003690122952691886
-0.003810197370737959
-0.003947280295986602
-0.004044125234313064
-0.004043386335187671
-0.004019783879606636
-0.004101276909014600
-0.004273924986799745
-0.004403463787891988
-0.004436968270665653
-0.004446084751434014
-0.004471735082967223
-0.004462209233763192
-0.004388882980991411
-0.004307689173906877
-0.004270113226330372
-0.004264623818275436
-0.004278868947883446
-0.004337256385898615
-0.004435339472106487
-0.004500133592321936
-0.004461984972107058
-0.004334096621520864
-0.004193691002346846
-0.004103451699153591
-0.004061818460177899
-0.004017595314763126
-0.003933814153380107
-0.003835832566032632
-0.003770467825360212
-0.003724272175325977
-0.003646284855419473
-0.003564277384571498
-0.003581712355504884
-0.003702180386722154
-0.003759763755216873
-0.003633684557381008
-0.003457910293713403
-0.003472650751534204
-0.003692859953160794
-0.003876745516155578
-0.003852607128742599
-0.003745820739998341
-0.003803489939154073
-0.004067161141563864
-0.004307995941485888
-0.004279239336488359
-0.003981314489243252
-0.003653470867930743
-0.003514659011774166
-0.003552380721667801
-0.003603005283971135
-0.003597548007133926
-0.003624317613780220
-0.003739655163041224
-0.003851581520298726
-0.003873872689901785
-0.003887019634738330
-0.004022439419042879
-0.004252677246112501
-0.004427375623938695
-0.004483321461478728
-0.004495126353102103
-0.004533413692965654
-0.004588057657433811
-0.004630903118387455
-0.004655321910594117
-0.004651347503328659
-0.004621836048507122
-0.004609709896989502
-0.004632738251073990
-0.004628500765016736
-0.004561211332258713
-0.004536195718609600
-0.004674947428602859
-0.004899979164901259
-0.004993209850025964
-0.004879527417764084
-0.004718889369872189
-0.004696025198797311
-0.004838021382249449
-0.005052331994116740
-0.005218384691729015
-0.005227467972540830
-0.005070501376593407
-0.004915153742782889
-0.004960954944217146
-0.005187037450362305
-0.005378199037493571
-0.005417438144761032
-0.005382769496713568
-0.005324781043303061
-0.005169326441943432
-0.004942059096427293
-0.004870132062321064
-0.005084076938057488
-0.005380463016487499
-0.005478067332259695
-0.005389950684015272
-0.005338989755045527
-0.005404455537679514
-0.005482817050410891
-0.005543688615911018
-0.005676925018741079
-0.005873995652743043
-0.005986340361692662
-0.005959218349497134
-0.005923972082087665
-0.005981424339678564
-0.006046528080350947
-0.005999112541151786
-0.005868845762751113
-0.005777296027519745
-0.005786540531908947
-0.005883680335341930
-0.006029754568672763
-0.006144776798104139
-0.006126795687363986
-0.005978827246626292
-0.005854985930280459
-0.005889638109433250
-0.006031337022842044
-0.006134515501247611
-0.006163505872789926
-0.006196701167905806
-0.006260740126568022
-0.006286809744006788
-0.006239087155296320
-0.006168501894150984
-0.006099765093433658
-0.005966431833670452
-0.005725775298460798
-0.005467492750324703
-0.005328065434379164
-0.005331837263255090
-0.005382976195555059
-0.005386828352348102
-0.005311546091014494
-0.005152135288246666
-0.004920347443354786
-0.004684723024620902
-0.004547269660259459
-0.004540752523160519
-0.004590351050006851
-0.004607058616036595
-0.004582982412745688
-0.004566917451963016
-0.004585649266098352
-0.004631456379796632
-0.004702807265347169
-0.004811149508171933
-0.004945669362411354
-0.005051344612075503
-0.005046852640872445
-0.004885396380431812
-0.004640992439208338
-0.004516840717762529
-0.004670456857224025
-0.004991146225354300
-0.005153032688214742
-0.004978625481307514
-0.004667094016340276
-0.004536364038050109
-0.004600053667791572
-0.004573285837361410
-0.004297819731095738
-0.003973176224348056
-0.003889508603605135
-0.004081434230278118
-0.004360180354378605
-0.004573488327397918
-0.004689999365992080
-0.004696060213555850
-0.004572428545704080
-0.004374977916113882
-0.004216377344012913
-0.004145598499878230
-0.004129282489438693
-0.004154477274504030
-0.004252892649541738
-0.004406892299131699
-0.004533255247197113
-0.004602981487511817
-0.004687285713875402
-0.004823974244141277
-0.004920224005815176
-0.004882077146077429
-0.004793449948517160
-0.004851600949231547
-0.005111496059060952
-0.005383209098579790
-0.005431377273834987
-0.005229747638367886
-0.004968949189926345
-0.004835540593456135
-0.004833527518042285
-0.004824957259116612
-0.004701704004048340
-0.004487085526071302
-0.004282439432748994
-0.004148824110319799
-0.004064598858564593
-0.003995055685854682
-0.003968811343970241
-0.004040398457607335
-0.004173636913718345
-0.004225263966540078
-0.004107282324547669
-0.003932817108251315
-0.003902334603481264
-0.004029262628699962
-0.004087779122610167
-0.003902347166393295
-0.003591714623503529
-0.003404627384557554
-0.003376724891671136
-0.003314114477178000
-0.003113468482375936
-0.002921092733707523
-0.002912293463072303
-0.003069117940105025
-0.003282262055750893
-0.003540792632173927
-0.003873502883594458
-0.004193533524458799
-0.004375245922750495
-0.004449351113893393
-0.004556487198120597
-0.004714070309379382
-0.004792392891207490
-0.004744371867470319
-0.004699184154819368
-0.004770115436844274
-0.004908453323520934
-0.005025062185812678
-0.005133698906705691
-0.005276691116183230
-0.005410043992314774
-0.005472853253221341
-0.005493903607578859
-0.005517359772751722
-0.005486985466876954
-0.005327466550783898
-0.005098793648605385
-0.004941877993343646
-0.004886116971700132
-0.004829906648659319
-0.004711346811192639
-0.004585177020409989
-0.004520079251857560
-0.004530647791188588
-0.004631144106043034
-0.004835181638377783
-0.005048614377709072
-0.005076710156090208
-0.004836322845513257
-0.004497120676315515
-0.004310460859306500
-0.004323159494266978
-0.004351242707770824
-0.004237216482839958
-0.004048833438510479
-0.003983434288289974
-0.004123821605297222
-0.004347260029374049
-0.004475220310340651
-0.004463675143224005
-0.004406977442342929
-0.004378103784941988
-0.004336865536050333
-0.004225821457514029
-0.004092650693430655
-0.004042560145242209
-0.004094890103688158
-0.004170295885578392
-0.004222969032382121
-0.004302226823442276
-0.004453077965862830
-0.004627421645337890
-0.004744899120223270
-0.004793357782311870
-0.004814666931043980
-0.004824693175429106
-0.004805719548323888
-0.004762994200134632
-0.004733027627728015
-0.004730530666260575
-0.004725614787930470
-0.004682180371911511
-0.004589440373933121
-0.004447044957869552
-0.004253886800480086
-0.004044183171094896
-0.003918614611231982
-0.003986032086237754
-0.004240567083530657
-0.004522098543950750
-0.004647330134809846
-0.004581924132678218
-0.004446775303808612
-0.004365347805814666
-0.004367969654265148
-0.004443878243991955
-0.004582653307923367
-0.004711298639584782
-0.004691351225197051
-0.004477753799505056
-0.004210772673343688
-0.004038868611438810
-0.003912115786846727
-0.003690307047356802
-0.003410277815798692
-0.003264730903752813
-0.003305146338334685
-0.003352416332766373
-0.003267006636806072
-0.003139090455916849
-0.003106965829637174
-0.003135836016858864
-0.003126564360262933
-0.003141097872344419
-0.003336650638765037
-0.003699546428195644
-0.004005444233018408
-0.004079223177901424
-0.003989502522758243
-0.003938635364437546
-0.004025530838591438
-0.004165677137227403
-0.004213544279872407
-0.004119388406356961
-0.003960852619642022
-0.003843551186762442
-0.003801220686412480
-0.003802868287478544
-0.003818666177504244
-0.003834312194021931
-0.003824019568337536
-0.003764459642236547
-0.003664409603923950
-0.003536746607633545
-0.003373977757678811
-0.003209048642965722
-0.003142365587546243
-0.003210221776058427
-0.003287030928604888
-0.003259055180121085
-0.003241992810717805
-0.003431105692043373
-0.003753358475028717
-0.003912340400851149
-0.003828688940037860
-0.003776742664283913
-0.003958862564644540
-0.004184649137080550
-0.004161408530515806
-0.003907739160420114
-0.003655306613265731
-0.003490522408389378
-0.003340515796334707
-0.003215963567939416
-0.003214517737992548
-0.003320962694291046
-0.003419102111040069
-0.003481041268165107
-0.003561760791588852
-0.003639745365901700
-0.003646171999100478
-0.003617896838065775
-0.003636965676958840
-0.003655629544324097
-0.003575491725400821
-0.003459756024319394
-0.003446182500412055
-0.003473805215862751
-0.003345193749225033
-0.003076232746128814
-0.002927154259865440
-0.003022890539179176
-0.003183356726585844
-0.003226640255974861
-0.003215958843195528
-0.003271214879659731
-0.003325340306914597
-0.003234036333889237
-0.003002183520127662
-0.002753660646005420
-0.002566052934833715
-0.002452967188478756
-0.002425064026328068
-0.002457489154053557
-0.002465733124179501
-0.002406678905625578
-0.002339698378964701
-0.002316331087999045
-0.002292425072006279
-0.002228682659422219
-0.002186207003221119
-0.002217990667601380
-0.002240790354056702
-0.002138137214043822
-0.001951733407215966
-0.001847413239924352
-0.001886847782788290
-0.001932132232601189
-0.001816137230397345
-0.001550454446545178
-0.001306530717042054
-0.001196658019425058
-0.001134430379357041
-0.000968143419500117
-0.000719354333081913
-0.000577762983508466
-0.000629108247047849
-0.000714397386322477
-0.000652244206670258
-0.000493377338278648
-0.000424623050485972
-0.000506302801149045
-0.000656678060202010
-0.000824533146292245
-0.000999236285604306
-0.001100977710333258
-0.001063477704742453
-0.001009167573992857
-0.001134494855022228
-0.001407138021669547
-0.001576863026243712
-0.001517440348003406
-0.001363960119985237
-0.001272224752758211
-0.001240698570811589
-0.001228652554111688
-0.001255608497148961
-0.001306223675842283
-0.001311375013332456
-0.001292634288330320
-0.001349740343797153
-0.001448710117481856
-0.001432041705339021
-0.001319514730905504
-0.001363481627405782
-0.001671217413248646
-0.001995710357311359
-0.002080900261922104
-0.002024027739144296
-0.002088055120903486
-0.002307708720761888
-0.002509002121446437
-0.002615015795688884
-0.002700472470670447
-0.002787892498853260
-0.002793030657672810
-0.002675681776556695
-0.002502716564332438
-0.002356780580724058
-0.002276372600726647
-0.002269011695908764
-0.002309220595123499
-0.002348031599541881
-0.002366299257342123
-0.002368086586869187
-0.002308725194439976
-0.002135787553687281
-0.001929308926229904
-0.001861382205120593
-0.001960391218599492
-0.002060524586983167
-0.002046428469454908
-0.001982942504786063
-0.001931281162813788
-0.001834001117177904
-0.001690302431687355
-0.001637985893955735
-0.001718661874694953
-0.001768715239677323
-0.001711767230931468
-0.001742249685308650
-0.002005315070071114
-0.002304734779639721
-0.002390679460571860
-0.002352715770429058
-0.002423982424762377
-0.002547778497678516
-0.002488013315153362
-0.002278622574801320
-0.002189879413518037
-0.002263534635017024
-0.002245228016461419
-0.002031810882870143
-0.001854281530092611
-0.001908364767235889
-0.002084345644499605
-0.002201720142383574
-0.002277337548048473
-0.002396289046139100
-0.002495377329811212
-0.002459572281413953
-0.002341609781179618
-0.002333469216697931
-0.002541520844803758
-0.002866604229789248
-0.003099555108003675
-0.003122567137141970
-0.003036450603132538
-0.003057800177073327
-0.003254088165571803
-0.003458510997635928
-0.003521719301994743
-0.003533114732649744
-0.003648973514881505
-0.003806997920914360
-0.003816962125345795
-0.003681444820363715
-0.003609446014326569
-0.003722395145611040
-0.003944392480793181
-0.004175664949263387
-0.004371885388139817
-0.004451460594415296
-0.004338867112802586
-0.004125173971843385
-0.003985696658571537
-0.003918547648066794
-0.003771252965797386
-0.003537622734091573
-0.003383828135803928
-0.003340061502485981
-0.003234590160532304
-0.003017404051181360
-0.002873672570285233
-0.002885668104057089
-0.002858319244651722
-0.002671976925862358
-0.002554817920980682
-0.002744761985126593
-0.003068832089232562
-0.003154676442868989
-0.002952019322837762
-0.002750371140445456
-0.002725936897323083
-0.002760051747851078
-0.002729286580384875
-0.002710425855455281
-0.002800330711943866
-0.002928922008358010
-0.002980840316448979
-0.002975714071203000
-0.002995238613374007
-0.003008239894351557
-0.002906544970278150
-0.002700353279326076
-0.002556450221972864
-0.002594683070740024
-0.002717503184795762
-0.002716923446089683
-0.002530162831776621
-0.002309948732458074
-0.002224371060763599
-0.002264643258402902
-0.002301842071835362
-0.002265299542596906
-0.002183998518315704
-0.002103105489432691
-0.002064788985764962
-0.002145060488159780
-0.002387905910897787
-0.002692482321135628
-0.002877615773279127
-0.002891452867463464
-0.002865750655962008
-0.002929324252496564
-0.003056357494639674
-0.003141297772406413
-0.003142344601603054
-0.003097582423458153
-0.003059925155042900
-0.003063423452649125
-0.003108874361779604
-0.003152736653051047
-0.003151747376922130
-0.003126898977716413
-0.003128191239977621
-0.003139998001611997
-0.003100404871854229
-0.003016513449043291
-0.002965302060088127
-0.002966296861913292
-0.002958451852745149
-0.002926996681116484
-0.002932632882834644
-0.002968549150752258
-0.002919553050631407
-0.002749102414166507
-0.002612416160652151
-0.002666765918783241
-0.002847939003061166
-0.002957872600786110
-0.002923271911521704
-0.002844015861916914
-0.002811847917221977
-0.002807748958876037
-0.002792242399254134
-0.002791209709771941
-0.002843538636328175
-0.002921104970420365
-0.002948397114699255
-0.002884937716625353
-0.002766342697234309
-0.002668327167038679
-0.002636131129427985
-0.002653892281881643
-0.002692082147160419
-0.002767333460478868
-0.002909555118043181
-0.003064216702795176
-0.003090303360704254
-0.002905659886310138
-0.002604668367482777
-0.002376798962437837
-0.002309046309200094
-0.002307503252965650
-0.002224384663055938
-0.002032908114063325
-0.001844645746408349
-0.001752444320518552
-0.001698022717362357
-0.001550928777260500
-0.001312845228438125
-0.001155493373465631
-0.001196265129060154
-0.001304728280282010
-0.001237420335481208
-0.000945814312012502
-0.000641196581857909
-0.000536782462607013
-0.000625440781445960
-0.000756179038625990
-0.000840976958773812
-0.000906215256424507
-0.000985929560175195
-0.001051485464678589
-0.001054757377970996
-0.000994653501234317
-0.000924081995058973
-0.000904655354466924
-0.000956308552423435
-0.001042256360475870
-0.001102126181198140
-0.001103698438023817
-0.001068286682361559
-0.001054144458976205
-0.001109477350760508
-0.001221414686942029
-0.001314616965948699
-0.001331610986225040
-0.001312245324283978
-0.001346088542961076
-0.001440647966471631
-0.001500187905724236
-0.001455870460112322
-0.001345584373377878
-0.001233267306866866
-0.001133731633092913
-0.001067985096687143
-0.001096926468161538
-0.001217967532279336
-0.001315745836679389
-0.001316134970853599
-0.001308553320856039
-0.001400647119168148
-0.001534493039370573
-0.001590658379546647
-0.001599815065562365
-0.001670053644578904
-0.001749818118405451
-0.001675484223182749
-0.001461050080651284
-0.001326411882927696
-0.001384540141780402
-0.001499010659456778
-0.001535415503773708
-0.001561945676173168
-0.001670433374551193
-0.001761002488864967
-0.001679279197298426
-0.001470966610598099
-0.001329601183589958
-0.001342058502187396
-0.001434260071617095
-0.001532560691191408
-0.001627412074791718
-0.001685075343342732
-0.001647440706523859
-0.001552941187654933
-0.001530885221612367
-0.001619565889988220
-0.001698366995068288
-0.001678444614728117
-0.001662013575778078
-0.001786379831061427
-0.001966030639288353
-0.001959546193422406
-0.001720123071186665
-0.001514043663010150
-0.001585104879901549
-0.001827859516122700
-0.001951849048298832
-0.001886433099172843
-0.001816806162180492
-0.001840098160696198
-0.001824812099455122
-0.001677927306727992
-0.001529025418226555
-0.001514475942856871
-0.001557629524070835
-0.001531696825787600
-0.001500264337124078
-0.001607766896006041
-0.001835077969577371
-0.002053889259740725
-0.002235141249671244
-0.002399709595129989
-0.002435653443306430
-0.002200608342956554
-0.001790071610668395
-0.001487952433639209
-0.001438170127278714
-0.001546067235416107
-0.001693524255635873
-0.001843692778234409
-0.001925478789756454
-0.001842059295666127
-0.001648778299374678
-0.001524546539722005
-0.001510781102984331
-0.001472383214730376
-0.001370302815986832
-0.001348975761255101
-0.001454621712242033
-0.001488169852802421
-0.001292813743573196
-0.001011442158276475
-0.000882209473879921
-0.000911262030321914
-0.000930394378229160
-0.000882699132541124
-0.000861924688265768
-0.000915917927173072
-0.000986705268993581
-0.001045065466812136
-0.001140697541719756
-0.001281722108078935
-0.001360620928371785
-0.001261496135006334
-0.001014391971841742
-0.000799667398908527
-0.000774837432488931
-0.000903925411605051
-0.001008340366776458
-0.001007458884340415
-0.001025317622982988
-0.001186239998681304
-0.001400524456018254
-0.001491575888130699
-0.001468443283271461
-0.001490528527351078
-0.001584110791952118
-0.001592154943727978
-0.001429846942723811
-0.001202202580671320
-0.001016449005737961
-0.000851148095644388
-0.000680283865742686
-0.000568617510253164
-0.000559786065004142
-0.000597328631128340
-0.000624940452099192
-0.000648146391449819
-0.000652510954952960
-0.000593453903001076
-0.000508025548911775
-0.000494698266497878
-0.000545196757788595
-0.000547289809353105
-0.000478735849398163
-0.000419446596000826
-0.000348418536893028
-0.000150854423211627
0.000121667879265276
0.000250686302839231
0.000204717680438406
0.000229948472007066
0.000446006578903720
0.000613166556343631
0.000498838820009484
0.000245035344875549
0.000139700912652995
0.000212393965931608
0.000301592815186957
0.000367560418759006
0.000485139151462686
0.000638835483756907
0.000758474009701251
0.000867405893258756
0.000994149630276419
0.001043650636429542
0.000955372783869707
0.000867582227219341
0.000910697054358339
0.000965989205710752
0.000868810677081553
0.000727751096973202
0.000770035115501994
0.000967355750407249
0.001107102003153572
0.001168892990635645
0.001322289698745515
0.001570155642886028
0.001696683184447297
0.001600094014514846
0.001417812324615921
0.001284186473710104
0.001196058400904686
0.001148133105105976
0.001173168596360888
0.001210064993435575
0.001146494013341784
0.001028751128658779
0.001025290066434258
0.001156334589591626
0.001269262242977264
0.001304192315068144
0.001359425100072218
0.001460049470785364
0.001495758649069979
0.001440822529908597
0.001405201959060019
0.001407864357549705
0.001337165081474962
0.001207242169998511
0.001197461521763050
0.001329971954010144
0.001365747910088448
0.001172413221590007
0.000957675974304961
0.000950216670574236
0.001058402466761501
0.001066464007643456
0.001000267544758673
0.001048484645013589
0.001225691265965988
0.001361965629542406
0.001385982450672384
0.001402703514396026
0.001489159484026342
0.001585636353152524
0.001611288299622413
0.001560551917961280
0.001465231814834538
0.001358151802831782
0.001288017128227405
0.001294905148147163
0.001362600505967408
0.001446546175496540
0.001537627274799290
0.001650018645754263
0.001763765040029337
0.001824582486106339
0.001787718424945929
0.001642515298343324
0.001431406774105899
0.001262342180484379
0.001242038809738326
0.001362289060590250
0.001510323696084448
0.001623378032001870
0.001760832911914755
0.001979090102832636
0.002216284828780827
0.002374963681592390
0.002462109536835263
0.002568378983074005
0.002738474130354228
0.002924309015612344
0.003049956305070437
0.003085058080207428
0.003072463018399709
0.003098179708715524
0.003201007439948075
0.003312756010737627
0.003343439105405242
0.003318179945935798
0.003345223404938561
0.003445791343352106
0.003521589901961352
0.003510259914856189
0.003454036844695835
0.003381079761191367
0.003256753673127299
0.003113000672520330
0.003075478553988807
0.003162476643124393
0.003201244233643137
0.003078566699649409
0.002942215917557612
0.002979632912116168
0.003101312132147058
0.003058123185892653
0.002824331256273557
0.002636536048409872
0.002637802339992926
0.002696652695826179
0.002650377446895036
0.002549364850534939
0.002541539765895693
0.002630551068576318
0.002681203250631708
0.002618054751634323
0.002513504777688221
0.002481323313799725
0.002543440709041512
0.002618361322036986
0.002632857791119088
0.002639701156297844
0.002782729246692389
0.003096415064776844
0.003389012545087974
0.003434984299879121
0.003279026743150880
0.003218127638734695
0.003440129486172868
0.003811035281504231
0.004103229774625903
0.004304098742104988
0.004548265858503963
0.004825421605912128
0.004956932332795994
0.004877874610204398
0.004761274248257396
0.004777359309376100
0.004861663165546607
0.004842908876217183
0.004715196722498218
0.004633480755344820
0.004660767641211484
0.004670732757518118
0.004547780058692209
0.004370769056045359
0.004310205270308685
0.004402019980792951
0.004520858758094486
0.004568329327421793
0.004599546392271694
0.004723531852480720
0.004925882264355140
0.005056164188885853
0.005010410923577811
0.004889851102136761
0.004917590919782200
0.005171184088445095
0.005449088516426550
0.005479639979985964
0.005252958789222301
0.005045877632147909
0.005075939444498924
0.005230650143834284
0.005243720450326037
0.005080353296841200
0.004997383574840505
0.005195778487066300
0.005543682975437825
0.005734981269566688
0.005656233285151928
0.005492970763669419
0.005482179002560415
0.005647890730040425
0.005816853795574172
0.005845007689704574
0.005767468493134084
0.005715595857508816
0.005728828141041597
0.005707186262319018
0.005567993090547819
0.005392830654210264
0.005344054689187028
0.005447798471671155
0.005555448299338888
0.005557428161838731
0.005541008690573546
0.005647248037051449
0.005840221254223827
0.005955620779547212
0.005968128672674180
0.006055165678639150
0.006334939415264891
0.006676075571108673
0.006880574465270283
0.006954726506657990
0.007040438398558295
0.007130156246624952
0.007049705934665053
0.006762983767268831
0.006511604844875070
0.006532404927874809
0.006745870723196268
0.006860772368928236
0.006733023083701446
0.006490243712142982
0.006316866472713465
0.006239219740409822
0.006156076951568373
0.006002617497596227
0.005831188955878113
0.005744437180345792
0.005765481783515322
0.005790339553506055
0.005707058905314407
0.005554242733126442
0.005476423069397916
0.005498404625283896
0.005466544896788831
0.005297449278311848
0.005155505880372850
0.005229488380829824
0.005426331313803425
0.005488376662411702
0.005376181629463894
0.005311321666888329
0.005417480713808908
0.005542624135141505
0.005521421770937824
0.005421408133321054
0.005403748414551348
0.005489095247442735
0.005601716140789728
0.005731193462533154
0.005900657650544055
0.006052436099344540
0.006112671397482366
0.006127191681911975
0.006204502715714575
0.006347365183874466
0.006453784649439658
0.006476557856493109
0.006485409994792347
0.006564083185242814
0.006714211877925198
0.006868105221402180
0.006955195327583118
0.006962552136000774
0.006953805250428458
0.007001231405555757
0.007082323080512597
0.007094978019087463
0.006998928250661850
0.006870455206368617
0.006772646860652597
0.006650356938715316
0.006427699252781083
0.006151782002993433
0.005957725123470156
0.005922033868836717
0.006012699599539393
0.006151943980041152
0.006269805192928730
0.006322858504014701
0.006312738677889749
0.006272465390889370
0.006212098333804792
0.006110949139616025
0.005978172516626487
0.005871400490448365
0.005835904526090492
0.005871593254465325
0.005961607732582531
0.006071648016381743
0.006133029565064326
0.006113962515586800
0.006092752790697965
0.006149198513759888
0.006204512553544731
0.006119706462300947
0.005941691724194667
0.005855694294382871
0.005871973788459525
0.005794178692757110
0.005574296943526502
0.005446155821485932
0.005561864619612461
0.005730162169760157
0.005712628910888005
0.005580474730238125
0.005549760257633643
0.005627886265461242
0.005674714758429490
0.005689177578239082
0.005774309712744313
0.005900461764779703
0.005951315709999430
0.005945820761408244
0.005982158416173266
0.006015621674254012
0.005925915077245598
0.005764921092650329
0.005705464981401136
0.005765618594365913
0.005800685067515085
0.005750423470442265
0.005689549252190091
0.005660597322383370
0.005663399980276126
0.005773277604350892
0.006046138801116038
0.006336874770066139
0.006444042594093694
0.006407071051914831
0.006417451632061129
0.006469758722282907
0.006384486769578823
0.006173640325003601
0.006072988176470947
0.006160102962677871
0.006239512018736411
0.006194462256837487
0.006171421964065902
0.006298635174584701
0.006475084883444723
0.006571212939472321
0.006617319679759814
0.006664811118088971
0.006663946188466600
0.006597190335686945
0.006539038089701427
0.006484899552361926
0.006335191137468174
0.006148636209399874
0.006163712863624623
0.006429083185650211
0.006661984648318984
0.006651998872965017
0.006569493605411773
0.006659690829734756
0.006844735515795666
0.006882322241177131
0.006754047412964351
0.006629640611178382
0.006559480741220579
0.006462350399849246
0.006348834425993904
0.006316459560120799
0.006353379974153385
0.006347313416181079
0.006271816199461335
0.006201704184057474
0.006172033039799134
0.006166573467635867
0.006207560447084427
0.006317752755075320
0.006432625572378836
0.006475108666102823
0.006465099993339667
0.006436245062643817
0.006322682814945860
0.006073560814463227
0.005803272555436595
0.005658138925386192
0.005590713190096856
0.005447467832713512
0.005243175815512151
0.005151956005517838
0.005223891184677500
0.005303425265814883
0.005278827342677443
0.005250932627083874
0.005365898146994568
0.005584333417064784
0.005713229873905533
0.005628587460463070
0.005401245813700328
0.005205654142736295
0.005138781825560843
0.005153728221004088
0.005171315640466440
0.005200708663064422
0.005285667675930778
0.005382390240023324
0.005414751997814210
0.005434179980038319
0.005562818065155814
0.005752572728626454
0.005786782520034684
0.005598891334863449
0.005403917286088071
0.005393324180664839
0.005475377870517659
0.005474310098775049
0.005421137938746326
0.005443090597923346
0.005489926724684628
0.005400932556150624
0.005177595820779111
0.004980624197272089
0.004901888825332572
0.004927935689193836
0.005071262474322248
0.005322430496394983
0.005503479191744002
0.005395743873638226
0.005028058502120657
0.004648804344186089
0.004408299302232772
0.004261104743924039
0.004179354057240237
0.004229762286477156
0.004388248143595366
0.004499338172898193
0.004508225642085766
0.004541683317616689
0.004662563761594755
0.004733399961057985
0.004648608879662397
0.004524329724725203
0.004495401002222027
0.004475012435634044
0.004319408816889569
0.004129400670401354
0.004149184752073790
0.004381973901627969
0.004533500611065788
0.004399878770186581
0.004132441882669076
0.004007579551601172
0.004063180741834970
0.004112975426599091
0.004056311730702007
0.003999926169495844
0.004051332467720974
0.004141239948457668
0.004137240666773901
0.004037317761964465
0.003944663552858702
0.003912434853564867
0.003928659151351920
0.004009682239626388
0.004167849896415518
0.004298530237318350
0.004254768224962710
0.004062746128037675
0.003915263729033926
0.003905172996886811
0.003922041543924080
0.003884803758879560
0.003899875239449664
0.004053864883440327
0.004203308915265576
0.004156381694141924
0.003963408803940881
0.003830112887672646
0.003806592484948605
0.003768724121090379
0.003679370058558010
0.003650923524809995
0.003723747441337937
0.003780491390669789
0.003746967674932140
0.003717760139750832
0.003798765590473984
0.003950393763179518
0.004070737241301742
0.004130152097863818
0.004140222639253469
0.004081329822677113
0.003955387504911480
0.003845061806200705
0.003826978297144574
0.003863349671012847
0.003857550472836448
0.003792675292009073
0.003746856973191786
0.003782077509126971
0.003873447131780248
0.003949913477622543
0.003967831674430337
0.003941287419874329
0.003924128789854737
0.003965171757372549
0.004065695409010977
0.004175275065580747
0.004233117498359351
0.004218760482286719
0.004169640887374390
0.004147873689181442
0.004179005240994786
0.004232509282438926
0.004289729211604534
0.004413323232279603
0.004677971281644381
0.005013824233563708
0.005209857882812937
0.005149348592838875
0.004982413563270837
0.004964743591118971
0.005150471624052660
0.005349938497725071
0.005394414675776491
0.005332793410591698
0.005318402227056187
0.005385210286913912
0.005421699701427507
0.005343911141947302
0.005218115320648581
0.005179809740064081
0.005256377319635138
0.005311540335218626
0.005187324800115726
0.004883997139824783
0.004563617375884039
0.004376555294510723
0.004329151915165784
0.004336599662050605
0.004350415717343982
0.004382987434163935
0.004434084850812098
0.004453639876225765
0.004390927358406094
0.004256491278560964
0.004121991508149943
0.004056215540941940
0.004058767709020092
0.004069623224770586
0.004053548822795930
0.004039858370111143
0.004043569555634322
0.003999515477996537
0.003859731426147864
0.003723806989942460
0.003750142153140862
0.003926332457004761
0.004054139065456684
0.004006231256391736
0.003876975882505048
0.003812424047156425
0.003810583677402714
0.003789146668968430
0.003749569676347350
0.003746495771828536
0.003757227763315378
0.003710110224583582
0.003612065520630262
0.003535572051489405
0.003495455211963061
0.003438590714053833
0.003349335134870417
0.003276779495844255
0.003253035885710655
0.003250871321969868
0.003223495791351155
0.003141104259887621
0.003006976815780279
0.002878721210398586
0.002833443414332252
0.002858925833947832
0.002831766668648294
0.002677651481793230
0.002505685911052578
0.002493875733489575
0.002673644734606888
0.002917063298366321
0.003106983900002839
0.003220368276555304
0.003266677234737735
0.003263285898021927
0.003281665975009348
0.003402144610199844
0.003580370121992824
0.003652576375357807
0.003537331569142767
0.003366706026949878
0.003339930789391915
0.003477637726912620
0.003601154006195805
0.003560042531738396
0.003402990662114324
0.003276448025919659
0.003217014866734892
0.003143749092243604
0.003039592943217363
0.003005800177639886
0.003085696761063153
0.003168888381050450
0.003174624223725344
0.003200428345943984
0.003327324145531811
0.003394881828452668
0.003207542704877149
0.002906560701276399
0.002851972469519314
0.003113448290132098
0.003369350654249515
0.003394045499203351
0.003350791092841000
0.003448689561525864
0.003588883128073911
0.003581089339065179
0.003489324649426466
0.003490448929318984
0.003543237032860408
0.003476803421253259
0.003306460905374376
0.003187941471308028
0.003115072870109131
0.002922720285607664
0.002573048910081455
0.002214728445961641
0.001965697736959717
0.001833372698611739
0.001825948309242170
0.001934531734525324
0.002016901748136516
0.001911992935293161
0.001680765153167613
0.001535908031011248
0.001521858573069451
0.001472009047667269
0.001315057849838623
0.001206722516050096
0.001270638360199975
0.001384720921825395
0.001345438124587005
0.001141524236770942
0.000963394618516767
0.000987589899746124
0.001203658381327688
0.001429429951593002
0.001491557740220290
0.001405782924262040
0.001335128904696208
0.001357765102386883
0.001392320337545668
0.001407350548815800
0.001529502926582978
0.001802905871600747
0.002017480114064669
0.001990537639603626
0.001872295486776546
0.001911448055604101
0.002037942920103431
0.001988194307835821
0.001767258765409956
0.001635102235547677
0.001647666922032740
0.001582924548902521
0.001381815211359241
0.001297959656278459
0.001477369938633917
0.001713207652465635
0.001794172069486549
0.001818171101407510
0.001957811666600995
0.002149241313298183
0.002233888265725659
0.002225119498433327
0.002220595521575593
0.002201138427967127
0.002124100034620319
0.002091477176622151
0.002217617787527099
0.002414222399113953
0.002490683680733968
0.002408780010667729
0.002285386600944896
0.002200084536856227
0.002143040884237985
0.002111918259367798
0.002132644638620613
0.002197676006968992
0.002261087419059999
0.002272802560608981
0.002185485146378397
0.001988519319055869
0.001757641769514293
0.001586699718416447
0.001461537419998802
0.001315658359179310
0.001203117349089823
0.001240598628747812
0.001357788854570720
0.001328679768030952
0.001130800311410929
0.001041343397441303
0.001240307147234347
0.001533759160460180
0.001648883776444831
0.001613841727791762
0.001633911340499668
0.001744911195749918
0.001824388129852533
0.001845144599171589
0.001891182956984445
0.001981312644629770
0.002067310114059751
0.002149575792390195
0.002223891843168453
0.002188524865885252
0.001991093518962977
0.001799972274426876
0.001827496310464741
0.002025452193337711
0.002153324636530036
0.002119169021984759
0.002057226381800360
0.002087064694400711
0.002198762495859005
0.002379438661536596
0.002647185374981941
0.002922759665273940
0.003059455525861132
0.003067084812347745
0.003142443866102928
0.003394924716809195
0.003681643771405849
0.003814247660216692
0.003817921951704648
0.003864053328461375
0.004006209374959865
0.004107581522790020
0.004038323553311243
0.003860071320272469
0.003760384315154730
0.003824327066346230
0.003932412237090161
0.003920911656768025
0.003795407381677872
0.003704249532637385
0.003720422298643322
0.003763392335753039
0.003757417883285824
0.003742608031669059
0.003768156519535162
0.003789410098876452
0.003759172708042648
0.003731597925232535
0.003783436311595073
0.003901702269134456
0.004022760586749810
0.004104751249910640
0.004098144759922005
0.003948750452632626
0.003709659980263608
0.003536877752507028
0.003484226169618435
0.003431745305557699
0.003321800073894674
0.003304865830399108
0.003489154508160346
0.003697645220949346
0.003689441534525388
0.003513429908942375
0.003407441135461328
0.003421997347409960
0.003394920354523794
0.003263333342611432
0.003144779486148914
0.003097806075346287
0.003036826737910470
0.002923430291145679
0.002837375955268466
0.002814651081358544
0.002801103280342102
0.002803750424374371
0.002904240976407998
0.003084245328170036
0.003218456168016267
0.003271427805005244
0.003307311527345995
0.003279044788999185
0.003046212075018219
0.002672093594875632
0.002447898235155457
0.002489516156731883
0.002543721611190011
0.002372283298386317
0.002123125930158343
0.002095925618949578
0.002293030634305378
0.002459092704232527
0.002484773075957918
0.002515534566211082
0.002668326434979878
0.002860962146553506
0.002966663486528638
0.002974149548182400
0.002934405439004363
0.002865808121757428
0.002773963465472881
0.002689951385949243
0.002640337399957423
0.002624355612593779
0.002639633548948143
0.002681352694496192
0.002701393996376971
0.002622872760469069
0.002430952619512833
0.002221978764563779
0.002122483688341667
0.002148515031150247
0.002164601208513476
0.002021149647787090
0.001748512429210959
0.001565290938907790
0.001640388162646464
0.001891997485062876
0.002108058767193547
0.002224791346812333
0.002351996593463944
0.002530490691606908
0.002643524897914824
0.002637361309390632
0.002660132456041709
0.002847336510949150
0.003092354994152575
0.003192578253716803
0.003142920377874114
0.003104907553153602
0.003120623261022190
0.003046521423045007
0.002795927470221449
0.002486753194229137
0.002286687013661338
0.002229898318374468
0.002251551074292412
0.002299263000648886
0.002325376875765603
0.002248570643371282
0.002034060588821242
0.001791783075672577
0.001706349634127686
0.001852574580423119
0.002123790050981088
0.002348043310418469
0.002436578167884089
0.002409842588224040
0.002322837080220646
0.002208952829306123
0.002089886747976284
0.001994108758564075
0.001934011837726609
0.001881585497507808
0.001799285589109042
0.001688959648398691
0.001578322965487846
0.001467262407706976
0.001335613728333373
0.001208832761979845
0.001156601639997105
0.001199070475609985
0.001269967368857019
0.001314519829412691
0.001371133801673091
0.001494749166271135
0.001640462778538032
0.001704273563298202
0.001665760220058681
0.001606689543440114
0.001576112009869641
0.001518425983378417
0.001382732104534265
0.001248320967213828
0.001265395530423110
0.001468035783653999
0.001703188462133161
0.001788616153901899
0.001725236399713078
0.001695798535434327
0.001825424036554759
0.001995463951894794
0.001968672412823631
0.001684033592341446
0.001337946036588780
0.001154611182574334
0.001167832900855382
0.001273054731798088
0.001392933922665247
0.001499402941331620
0.001548506807934902
0.001517086134298791
0.001472961476296114
0.001492703143626961
0.001522391949215891
0.001432071787289946
0.001205787578012291
0.000961758817913678
0.000774168670913378
0.000598037041935025
0.000400433845482237
0.000239171057650989
0.000154169722409224
0.000096085814903314
0.000034433859697805
0.000026490218213650
0.000089296748667105
0.000108183306497435
-0.000011279836237728
-0.000184864166988525
-0.000274475130475531
-0.000304230642135140
-0.000401299660801282
-0.000560387450021315
-0.000631478589230470
-0.000539434282577833
-0.000354452435150888
-0.000123247930641206
0.000198986552455101
0.000584517843687688
0.000866131422588866
0.000952195715533337
0.000984559420224672
0.001135525409200304
0.001330676096980336
0.001344403207127751
0.001144192092914797
0.000964072205489193
0.000994618420146379
0.001141737999844028
0.001179757593683415
0.001052056564199802
0.000912721321303675
0.000908225255604160
0.001022838521597465
0.001152220828619672
0.001248213290127115
0.001337928368294359
0.001431723347297462
0.001472461525115966
0.001399332909208255
0.001243093133820518
0.001122806854774536
0.001121344694868625
0.001167935022606503
0.001082919831493237
0.000774984637313347
0.000378776410494599
0.000143558725085850
0.000168328407931418
0.000295815686824381
0.000306056614816777
0.000167267908821749
0.000026656599354282
-0.000014844378644415
-0.000012082898059655
-0.000042032962089544
-0.000069138444645979
-0.000014502090565930
0.000114988515692520
0.000253749115067332
0.000383583584288914
0.000517103924845829
0.000605669930366797
0.000567583048505429
0.000405306430047267
0.000207693202599847
0.000045091698839017
-0.000041774399216460
0.000030932311772434
0.000324145303038823
0.000702394304752670
0.000886345013780382
0.000779441279074937
0.000616686825548908
0.000653536133655246
0.000802604943320117
0.000754948971312422
0.000427045693274412
0.000098924661098845
0.000065550441013336
0.000296228777237378
0.000517571894185360
0.000532713831150334
0.000366577548633439
0.000159213519206078
0.000018906972776407
-0.000026147566095455
-0.000003794615947117
0.000046822972212082
0.000109859135032133
0.000184658755123787
0.000251816702351046
0.000284797342976317
0.000307360250902563
0.000392233804851650
0.000566407357238956
0.000751211201104895
0.000837422849889133
0.000795857307784093
0.000677939363104914
0.000542098305800135
0.000435264077000804
0.000416047887427161
0.000510431251274863
0.000636997299891369
0.000655457365941722
0.000520360739342348
0.000324219047120979
0.000158139850101492
0.000002935487418467
-0.000189333187513183
-0.000382121701046034
-0.000511779112826294
-0.000605503096140375
-0.000731226310382010
-0.000853178610708335
-0.000862236284534716
-0.000764793372005396
-0.000720928818212072
-0.000845501113089523
-0.001066145821909367
-0.001232952780466049
-0.001284105427418578
-0.001248463527977395
-0.001176271823824247
-0.001140523644294881
-0.001220694766448561
-0.001397797192452780
-0.001541104957497586
-0.001586419841274871
-0.001642312226611979
-0.001814224522921651
-0.002016143002351625
-0.002096747130972847
-0.002071705671088958
-0.002062559628305209
-0.002071131684875126
-0.002018058518632791
-0.001968995045062225
-0.002081408888260959
-0.002300797341418017
-0.002353615087750944
-0.002129590793143528
-0.001858075598434953
-0.001789267827924744
-0.001894508713678140
-0.002022205958153872
-0.002161719352167996
-0.002357508125341773
-0.002502057436252823
-0.002445509858779033
-0.002255302159537114
-0.002168007075723401
-0.002294813689982725
-0.002521477594831294
-0.002680392354715284
-0.002691933383394558
-0.002566615464329352
-0.002404415203527085
-0.002370404429806204
-0.002535315045557290
-0.002749859963802032
-0.002800781765027550
-0.002678024150484994
-0.002561914044742755
-0.002561513300614267
-0.002608955416337623
-0.002621044285246621
-0.002621338170168663
-0.002660839080703555
-0.002731168425024627
-0.002802903566312813
-0.002867485973649214
-0.002915096101968160
-0.002946331902329863
-0.003010022121306016
-0.003139917242091365
-0.003255695033504609
-0.003236515471205672
-0.003103181062613450
-0.003006860360724643
-0.003009894770419748
-0.003005020712048106
-0.002903043474945609
-0.002771876775935112
-0.002700082370975338
-0.002628560481869118
-0.002446208363016960
-0.002208354339289026
-0.002131874514814431
-0.002344699323852786
-0.002707677001798528
-0.002934690126691726
-0.002885772817175176
-0.002710482934163796
-0.002666218162181333
-0.002802949078084062
-0.002902636680960828
-0.002773848980503242
-0.002518751137107962
-0.002398066979372795
-0.002482267262596281
-0.002583347887641661
-0.002535600860236722
-0.002393892867636788
-0.002299272422021700
-0.002275671443633962
-0.002253539676868530
-0.002213495973704996
-0.002202213607775781
-0.002236096189647967
-0.002271159152771839
-0.002270450742017544
-0.002257787203602183
-0.002297284814520192
-0.002428961928122220
-0.002617795752672999
-0.002773231207405889
-0.002837831186614493
-0.002840137921165261
-0.002835796475571798
-0.002833911731427312
-0.002829179431595888
-0.002861160103647009
-0.002965044406604756
-0.003097660936661405
-0.003199340670098116
-0.003296604026894553
-0.003440749675000677
-0.003575454048313724
-0.003594759533730911
-0.003524243313917145
-0.003505797806742762
-0.003589798840423809
-0.003678159225249208
-0.003690738979527540
-0.003643489565866024
-0.003540319720526278
-0.003358072737385994
-0.003189091998343940
-0.003215096973328447
-0.003448552632744014
-0.003670086358395903
-0.003730899373142442
-0.003745458153088444
-0.003849769865102826
-0.003948519454529907
-0.003895052374287071
-0.003779399848576366
-0.003808928647839964
-0.003989574599332057
-0.004147179735528314
-0.004201881448331505
-0.004198251052362847
-0.004116243313271442
-0.003904387543787404
-0.003689481343395271
-0.003689476141418140
-0.003879449443406195
-0.003998926011009318
-0.003964335005847915
-0.004015944002268249
-0.004324462468655159
-0.004691327234906316
-0.004834209891875687
-0.004784438026567006
-0.004768508338616886
-0.004819614037432974
-0.004764139808888769
-0.004550192250301917
-0.004349055488325241
-0.004307883756456490
-0.004392640200105179
-0.004516508848650628
-0.004653014171501040
-0.004754456581400522
-0.004707240539151605
-0.004475196666661252
-0.004198981372007991
-0.004053996659538285
-0.004056932627297469
-0.004084679968914602
-0.004042602280833049
-0.003944366062211644
-0.003849931134037360
-0.003786497510107506
-0.003729949341643927
-0.003637226756053168
-0.003509546575004760
-0.003431053963621081
-0.003499337900815281
-0.003690098101629749
-0.003845694236929610
-0.003855510065112709
-0.003810433462866683
-0.003904299076874319
-0.004189222462579769
-0.004498951353917123
-0.004633842156763721
-0.004568611329501527
-0.004441396847269533
-0.004369893109733552
-0.004331722182264865
-0.004239549224318298
-0.004096486236291744
-0.004021277121637646
-0.004101064164253023
-0.004267106332229114
-0.004372542864491152
-0.004367091488521327
-0.004315321596861451
-0.004247659467053663
-0.004106331386772794
-0.003890680610086879
-0.003748546616364140
-0.003813378415668054
-0.004006884003427850
-0.004121531884548393
-0.004075515542612449
-0.003968882769247632
-0.003891805067985909
-0.003808933632623723
-0.003675111394719238
-0.003551059097500015
-0.003523965199372723
-0.003581853684266824
-0.003646231042125991
-0.003688913891900594
-0.003743620407828544
-0.003822198933147847
-0.003886288085248430
-0.003906367416659401
-0.003903847253354732
-0.003918426960978279
-0.003951959737889085
-0.003957569325255633
-0.003888123553287114
-0.003756746672115786
-0.003636425139844369
-0.003587885077697968
-0.003608059249366936
-0.003670072932683652
-0.003778263373327954
-0.003935100953975452
-0.004085046651061669
-0.004166848546041211
-0.004215170899374478
-0.004330282775966198
-0.004533887820105796
-0.004730004371108128
-0.004832012097359445
-0.004858350986108832
-0.004874274437914942
-0.004909556907042149
-0.004970995535959363
-0.005065795675910564
-0.005159877664437521
-0.005171936264119505
-0.005071167724875686
-0.004940238070208428
-0.004881660249385053
-0.004890590372297003
-0.004876854861402615
-0.004794989099527763
-0.004698167766571558
-0.004662250494944250
-0.004694711752369448
-0.004734684003068392
-0.004733744111674805
-0.004719804481514465
-0.004755187512861110
-0.004828183916487432
-0.004840861417387352
-0.004749818319159710
-0.004662973164107739
-0.004710704173651317
-0.004854672123727472
-0.004931227052350680
-0.004875275673942294
-0.004786383283406821
-0.004763575484302681
-0.004798984614426844
-0.004871417565226190
-0.005019779976189225
-0.005248728790133575
-0.005452610717233693
-0.005514853664763250
-0.005427761829199033
-0.005258869741024549
-0.005056692903338551
-0.004842983616911036
-0.004651180454477476
-0.004527916011706002
-0.004519134240541973
-0.004645548016101938
-0.004837272865407093
-0.004930783086975640
-0.004840836430495011
-0.004710137124173473
-0.004740480057319543
-0.004879734144362704
-0.004860796400875427
-0.004590192167665879
-0.004299812259663745
-0.004224774440611430
-0.004315430040144482
-0.004388911510940606
-0.004398186221840446
-0.004402055516962248
-0.004405241378318613
-0.004386584975114235
-0.004381998954129877
-0.004396723495977711
-0.004331054773389784
-0.004125989044635925
-0.003888450424311703
-0.003749529330434587
-0.003702416683078241
-0.003698809849031601
-0.003775994780218087
-0.003941877209253036
-0.004062622759946210
-0.004035099505259944
-0.003961296122518425
-0.003982320417257952
-0.004050580860401433
-0.004044408192142098
-0.003992832158395620
-0.003988227695994817
-0.003983626054819594
-0.003889830187638085
-0.003774080081303624
-0.003734933284395042
-0.003672878105788542
-0.003434710510978177
-0.003112918718507063
-0.002939597842029123
-0.002934516000904252
-0.002924349061689946
-0.002869082016360489
-0.002883289586052559
-0.002947214361516612
-0.002892632284331770
-0.002701134727377216
-0.002540527918776500
-0.002472166413625082
-0.002395536071440901
-0.002318481040278809
-0.002385215379713852
-0.002564156822948462
-0.002607310173670749
-0.002431881944143214
-0.002259203046446829
-0.002236120043778985
-0.002193442158777900
-0.001961929023143193
-0.001684557861414073
-0.001594981140684575
-0.001669453533127193
-0.001719911692996279
-0.001698341195016127
-0.001701406814118113
-0.001766510342261153
-0.001844456705352245
-0.001912406545832178
-0.001975648499592514
-0.002015607799274810
-0.002036785868230939
-0.002089093584562682
-0.002160854134434872
-0.002148253710580561
-0.002014469982599167
-0.001868777042693030
-0.001801930018632528
-0.001763027449370573
-0.001690049685296713
-0.001631343536421311
-0.001632232556827568
-0.001632092989219046
-0.001591743593419449
-0.001597256048279681
-0.001710552419399001
-0.001834725555064818
-0.001858983612525050
-0.001827774809884830
-0.001837445275149765
-0.001877692836948973
-0.001910299104099588
-0.001988445505892954
-0.002145537865519190
-0.002273403810329176
-0.002276683943093798
-0.002254104822172670
-0.002351754700180675
-0.002516797208565473
-0.002582347043431683
-0.002538298635647005
-0.002528977994079061
-0.002615166074216760
-0.002718544129361400
-0.002785153773541597
-0.002832570550269237
-0.002841068673947339
-0.002766674051012657
-0.002674458175672694
-0.002700940326792957
-0.002855860493365128
-0.003000968634128360
-0.003056882140384337
-0.003098046989702467
-0.003202129661621520
-0.003332393983152492
-0.003426937097069376
-0.003493700317723784
-0.003547247455005585
-0.003544100549318934
-0.003462878671141563
-0.003380127345521638
-0.003375902758137406
-0.003402724283696789
-0.003342986572925601
-0.003195810230451728
-0.003117630044360562
-0.003226813011634669
-0.003417986370498980
-0.003452226846493348
-0.003239031952493754
-0.002951497150835478
-0.002814871600972427
-0.002849974449622739
-0.002910826863049907
-0.002921189829201423
-0.002940873534916887
-0.003004118928782299
-0.003045771305787369
-0.003043324626168070
-0.003097635104558877
-0.003273620949012940
-0.003455523572739766
-0.003472790788927498
-0.003310540731805738
-0.003087906488662633
-0.002869147442113223
-0.002610483808465245
-0.002290410700183170
-0.001997472164276846
-0.001859074508054487
-0.001923163196370808
-0.002117344513852778
-0.002304132908267394
-0.002391228575236785
-0.002403148475454856
-0.002414944116075651
-0.002412010903153417
-0.002289291290693514
-0.002031033144339143
-0.001809749753185146
-0.001815769357441759
-0.002026396488174733
-0.002233171067999737
-0.002283093423777699
-0.002210625955517635
-0.002134170309494453
-0.002112417341411939
-0.002137496082802898
-0.002197358940908013
-0.002270407244319280
-0.002276769443773606
-0.002113651135148555
-0.001779371876646595
-0.001420722419839880
-0.001197808503494738
-0.001118224738338848
-0.001072941776874267
-0.001022827874379692
-0.001038217772649363
-0.001124801823925380
-0.001150930160558862
-0.001049670734423728
-0.000973369301706320
-0.001095064583974668
-0.001338262008716743
-0.001482271770895496
-0.001484543549306290
-0.001492911965858571
-0.001547438345467159
-0.001497607619239372
-0.001274785367099509
-0.001046272048378372
-0.000997376639335607
-0.001113509706570380
-0.001275350202997783
-0.001428332802784509
-0.001552654836506700
-0.001598755190379791
-0.001578288491538614
-0.001615212082887405
-0.001782621685799521
-0.001972771557722260
-0.002044726231028717
-0.002024785202424317
-0.002045640716123526
-0.002155624175816847
-0.002307969333375192
-0.002484074650569688
-0.002700739528875454
-0.002919157190177682
-0.003055984760320428
-0.003081275185872700
-0.003028336939737005
-0.002919516338491984
-0.002756162400375721
-0.002580344113313413
-0.002485515944806244
-0.002545159228284892
-0.002739581406498603
-0.002947340250168705
-0.003025591333839063
-0.002940734818928322
-0.002804556271138892
-0.002726671415171596
-0.002665738425769784
-0.002520685543095180
-0.002334892001687996
-0.002264419221667536
-0.002335956095358088
-0.002396564114707447
-0.002351598736774735
-0.002299968460169419
-0.002359505818605804
-0.002495688719996112
-0.002610453977899174
-0.002678493451992677
-0.002706705263902694
-0.002674153900399583
-0.002604120597024195
-0.002588753903218741
-0.002655003094120933
-0.002709305619206923
-0.002687985117775971
-0.002640688358114435
-0.002591771927362598
-0.002470063753793493
-0.002277855557716572
-0.002168382598774733
-0.002217510249059203
-0.002267427832615922
-0.002158496946783123
-0.001982390995656769
-0.001924156194687211
-0.001967706472031808
-0.001955626491820156
-0.001855769555912593
-0.001770585563647653
-0.001742628652842128
-0.001735569062666079
-0.001753744973992221
-0.001802582461324457
-0.001788676412502679
-0.001647463549345337
-0.001518739728894018
-0.001594499970141202
-0.001825026682158228
-0.001977319855013784
-0.001964535749609292
-0.001912926598926632
-0.001911535026457810
-0.001910993320081442
-0.001887429416675529
-0.001894092332276603
-0.001908861748250438
-0.001831063781968895
-0.001686656213826456
-0.001645605665882957
-0.001763053420475303
-0.001882316244983973
-0.001878757529616026
-0.001828562636742917
-0.001836504502115916
-0.001861178089613180
-0.001837201615233421
-0.001829839086641517
-0.001920596872032021
-0.002040149989444433
-0.002061448969097167
-0.001992836951276528
-0.001949093131957302
-0.001978472012823603
-0.002031903874862570
-0.002064331790420624
-0.002064950843636442
-0.002023715732745945
-0.001962440186913146
-0.001960254708727655
-0.002053034821530227
-0.002150971959720843
-0.002163186372535440
-0.002157073532487551
-0.002251573101233356
-0.002375557736715790
-0.002315906611921253
-0.002052473568626463
-0.001863279196495410
-0.001974389182737551
-0.002244941468716048
-0.002375187406848690
-0.002342366793104511
-0.002408437720623179
-0.002693527636543130
-0.002973159273139060
-0.003000771231052405
-0.002847143407242188
-0.002753271386854788
-0.002766238297034148
-0.002723202033703564
-0.002550807370180997
-0.002376224593500728
-0.002317761770951084
-0.002334246477894012
-0.002336346105376811
-0.002309806663336447
-0.002261765794736194
-0.002161058871717311
-0.002007035482377541
-0.001863129027305010
-0.001751343215765048
-0.001601287436779064
-0.001375158444642511
-0.001155975531102759
-0.001029363463474105
-0.000955074556456923
-0.000845207386817562
-0.000704348295829685
-0.000599325797336374
-0.000544518000717204
-0.000511130157428995
-0.000503363684178577
-0.000525868636901853
-0.000511498283085110
-0.000392139176631241
-0.000234268779791394
-0.000197869556818285
-0.000332173801055162
-0.000487038718107729
-0.000471386907848380
-0.000264168211368280
-0.000032515393185183
0.000047381731029038
-0.000040719798935278
-0.000170791217740991
-0.000234676921024975
-0.000237725599846598
-0.000232882609068984
-0.000237601220131293
-0.000269084684831949
-0.000380847077796410
-0.000561278138414427
-0.000657881629225263
-0.000542809763239627
-0.000323030645854103
-0.000225724307264764
-0.000279384767683925
-0.000289806941333102
-0.000162352940407114
-0.000047293819238573
-0.000076582127788143
-0.000140685783181510
-0.000067693274084264
0.000107423476813963
0.000201225188830513
0.000123078658021986
-0.000068484542682812
-0.000278787652745224
-0.000434039073764760
-0.000488168429579158
-0.000470015769645643
-0.000465955733726594
-0.000484510304157189
-0.000421817640727938
-0.000235680862508834
-0.000048727222257697
0.000019987607001408
0.000026888584690541
0.000100011082111261
0.000255029743603567
0.000422950681236396
0.000570292822728865
0.000680275916959715
0.000703232045007744
0.000638076937455702
0.000576664129311437
0.000564346685262514
0.000520169469376121
0.000403179492875418
0.000330740341098743
0.000396244037545494
0.000500948494884466
0.000526012240899202
0.000534610899310737
0.000609436703264256
0.000623732638527848
0.000422521508665343
0.000146046205293412
0.000103326095209687
0.000349653951117487
0.000635329515588133
0.000766241212824332
0.000775862209867054
0.000732414277887401
0.000626202633713435
0.000502412230121734
0.000481570606482295
0.000565553277071860
0.000603595325985602
0.000523904147400012
0.000434786752474777
0.000432353914524897
0.000475164667359719
0.000521749474086972
0.000623612900262121
0.000785578964312939
0.000887236036747527
0.000863887787168856
0.000845624893414806
0.000981868350552006
0.001199077922207945
0.001259138947092755
0.001042437264724395
0.000694563728267729
0.000485702727637393
0.000549616563936683
0.000763454999976993
0.000899611944568689
0.000896123064938483
0.000900921851735936
0.001005708980086989
0.001062499527360884
0.000900930286828731
0.000625489060457561
0.000494627245090425
0.000547937990560922
0.000574868279354479
0.000457331579487692
0.000312506467895806
0.000239308232017389
0.000143610060491713
-0.000074113513962403
-0.000331695893549267
-0.000494780313385158
-0.000567384760935995
-0.000636724868675319
-0.000729581901900637
-0.000828905547270100
-0.000948991143459903
-0.001099008742595481
-0.001235165991565868
-0.001316381430383391
-0.001346241735851293
-0.001323987163302496
-0.001239893729694989
-0.001146591305853684
-0.001122751323010705
-0.001132064938124430
-0.001051655687711038
-0.000888003612855981
-0.000808584388786433
-0.000878986822048848
-0.000929934133025954
-0.000803268331945132
-0.000584244173593991
-0.000446802348927284
-0.000397506153055873
-0.000341082523381376
-0.000293903834211500
-0.000334734996423027
-0.000400995088153241
-0.000335400219338819
-0.000129490785570721
0.000054490221784944
0.000123118667790772
0.000156115675401743
0.000229239020435350
0.000273128894294847
0.000188031613933057
0.000006411948099241
-0.000149709954494048
-0.000233237476225604
-0.000316945765742881
-0.000473246305839297
-0.000659554476357752
-0.000758087576972529
-0.000723440231023395
-0.000646377383930764
-0.000634052883247711
-0.000663331367264931
-0.000627717790043640
-0.000515276933981556
-0.000436533724371066
-0.000455236576798482
-0.000503469920456789
-0.000514509580014053
-0.000522364445939939
-0.000545950117492432
-0.000491062038790720
-0.000297213898321163
-0.000096966462353403
-0.000073182530943855
-0.000202157298475151
-0.000299886944997514
-0.000310117120445646
-0.000377657554431174
-0.000605280325350743
-0.000893208166803900
-0.001088044837960788
-0.001165092981544170
-0.001175926648662807
-0.001119036096600394
-0.000976540766840250
-0.000820296177989114
-0.000763710065574808
-0.000817267953733415
-0.000878736039935793
-0.000873317364525582
-0.000838318559974861
-0.000855059346337756
-0.000946067566513256
-0.001059462803858791
-0.001125120159549035
-0.001111829541921546
-0.001048460154260838
-0.000996520653789411
-0.000988670040887073
-0.000996978848926695
-0.000978063390126042
-0.000936945124472255
-0.000911332320147772
-0.000894604217575907
-0.000823570700513490
-0.000671726962534587
-0.000521367615217930
-0.000497272114817201
-0.000632642821771918
-0.000833808529463505
-0.000979068159575577
-0.001024204856031957
-0.001008243073348267
-0.000987843036046996
-0.000980461482335199
-0.000949968254411277
-0.000839158639062323
-0.000642405511380954
-0.000452112817112282
-0.000389116234835812
-0.000461768285823869
-0.000543765076711377
-0.000541724910925972
-0.000536753315291814
-0.000672389410747204
-0.000920904355220683
-0.001075570155325746
-0.001010127589942821
-0.000838031453319007
-0.000732204405987527
-0.000671958282103305
-0.000496679191657193
-0.000177291014004313
0.000113794837328833
0.000233973029661582
0.000241449347082869
0.000262063495221600
0.000292586857545818
0.000251064408923556
0.000159167767529525
0.000138101517114344
0.000229723759652851
0.000339291691246739
0.000376832485882466
0.000360007718631109
0.000350452797394315
0.000375328529353555
0.000440633472712498
0.000535271932426550
0.000592881328825512
0.000549131191987342
0.000475118142390929
0.000532811505879309
0.000730397879900718
0.000857520816435379
0.000777451292153792
0.000650870404939913
0.000699399720252644
0.000850667578366015
0.000843221641248655
0.000643830123855884
0.000509127419398173
0.000591020795346714
0.000715037611824556
0.000662160987703195
0.000488253182194268
0.000415260439578733
0.000523813325727454
0.000697948861602319
0.000800581212312406
0.000781591691970089
0.000666706629050862
0.000542212356919285
0.000504233308481890
0.000540672402616826
0.000520847659761987
0.000380542450945561
0.000243401121201003
0.000262398324415768
0.000414154217228786
0.000564706807852564
0.000673524656168793
0.000797476031791116
0.000938134008760291
0.001034145118113345
0.001088359125847763
0.001152863481402221
0.001180890631524307
0.001047130354644714
0.000761561711544882
0.000528447753325109
0.000509814807900704
0.000616012821614544
0.000610758855120183
0.000371929607748674
-0.000010574363225925
-0.000348280554480813
-0.000508384031294511
-0.000492444416726964
-0.000418281916275459
-0.000410164894549015
-0.000477361259823810
-0.000520095040676807
-0.000466423548211634
-0.000357106812772914
-0.000267990419966546
-0.000204107081278303
-0.000126420740151594
-0.000044154709822778
-0.000008542094530250
-0.000028191219431292
-0.000061099323521310
-0.000091802647104933
-0.000140308506152259
-0.000170962990132753
-0.000073737101265879
0.000198720058292681
0.000527817967480827
0.000742854341413452
0.000810048818353165
0.000824469939625102
0.000836918341203180
0.000804498406625938
0.000727259622272951
0.000701465500908090
0.000767701406019309
0.000819782478503899
0.000771153884504162
0.000726363790657587
0.000855330693519379
0.001144039324331810
0.001403162660566513
0.001505067729141422
0.001490279809009199
0.001452600269586315
0.001447075132760717
0.001513633042149099
0.001661636893958504
0.001809621331649099
0.001857572560119653
0.001840824599244604
0.001896880152364480
0.002059754281716092
0.002211678022565348
0.002264938271473868
0.002258348915958933
0.002238703393991677
0.002193756582804884
0.002158583036110339
0.002235232035368312
0.002422681185934456
0.002567678369071456
0.002579115160363771
0.002553655788088616
0.002581207653940381
0.002569051182367249
0.002402338961065461
0.002159901791262492
0.002008128433005591
0.001967096430103505
0.001939745360751070
0.001898670113907845
0.001881956400764768
0.001865421801174162
0.001809882732651684
0.001794909417407516
0.001933261004063328
0.002170687292059296
0.002337741508225458
0.002398753461490722
0.002483349283209191
0.002647948352685634
0.002765504910875280
0.002712393400871254
0.002543974578965632
0.002412295127826090
0.002386424664837427
0.002413422426333015
0.002409700987664877
0.002349137367813256
0.002277945228965570
0.002246702914626712
0.002224911668325749
0.002134146695266252
0.001993950982305377
0.001944446189631078
0.002044747994976458
0.002142270917164828
0.002067294879279788
0.001883168939191349
0.001787732154221421
0.001815443422161456
0.001818260260554387
0.001731093225314037
0.001664462879045719
0.001696324123469855
0.001744192780371911
0.001710916441905805
0.001614632508738926
0.001501023507888316
0.001354428662351480
0.001177056070022089
0.001042788418500953
0.000984430920410396
0.000925987602449622
0.000816859732057644
0.000743656259072887
0.000809587507555726
0.000975160759724100
0.001120011389724973
0.001206699790522184
0.001283681000693467
0.001371818346886384
0.001453221292146706
0.001546983058110705
0.001692469565194627
0.001859495545029172
0.001964742895832321
0.001991350852386757
0.002021727270086835
0.002131531856222363
0.002302602116060021
0.002455592953660510
0.002524875560377114
0.002492144185538659
0.002393473097912190
0.002309478620097612
0.002305525604861574
0.002360108922164492
0.002386933439953025
0.002342895151613417
0.002270156275222482
0.002210920618380711
0.002144184660305236
0.002063078319301290
0.002054578991944571
0.002198096244285674
0.002402040747450433
0.002466928350147648
0.002348715934359453
0.002242076091085862
0.002320209596847196
0.002489374764835461
0.002522210652190364
0.002371213771459709
0.002201814198533972
0.002131356226651977
0.002092010882670900
0.001988950879289247
0.001859486142640727
0.001802745140767166
0.001845379717163702
0.001949452988067813
0.002082050236817373
0.002212622262263195
0.002307435589451032
0.002392841618725446
0.002563155062599246
0.002851023228240841
0.003135441678185102
0.003256151829353528
0.003196672520024756
0.003089313305472789
0.003049974115422231
0.003062875284488027
0.003036144216484296
0.002939040360986648
0.002855286595123850
0.002874690610471747
0.002937348128131185
0.002861742650018470
0.002585805803798645
0.002297387327790430
0.002206679866888642
0.002250966323549621
0.002192372917698048
0.001986327902113957
0.001854332174695879
0.001958205371371936
0.002196307841120784
0.002388195733413815
0.002473781081124836
0.002445663425632268
0.002280416081206008
0.002056930434016541
0.001956361936372374
0.002000381770955493
0.001968470898886726
0.001739271102653065
0.001528687896221758
0.001577277842312034
0.001764619349494574
0.001788662757669648
0.001609041682924033
0.001438677070056435
0.001373045218154197
0.001314702499241671
0.001236136828857798
0.001230949091965554
0.001279445372307302
0.001219130247918523
0.001001454175192872
0.000758423072464204
0.000560479556575483
0.000319359210757414
0.000003013206173942
-0.000246029933623782
-0.000298504897340165
-0.000195540189985601
-0.000048339783169901
0.000081916731494017
0.000151219000926208
0.000120413604588787
0.000027780298782037
-0.000054370334456046
-0.000160777584096630
-0.000379371598240932
-0.000636654690702850
-0.000724829831767017
-0.000596615721771734
-0.000443405382968317
-0.000405490850218768
-0.000396657961506601
-0.000315265634657201
-0.000236049929908159
-0.000254330092586239
-0.000305355660690186
-0.000295680017680592
-0.000280875154648675
-0.000353880071042180
-0.000465849199665080
-0.000512176016735331
-0.000504683118286395
-0.000514047540414741
-0.000530785116980989
-0.000530270000344302
-0.000588470616645550
-0.000770120117146911
-0.000967899188078730
-0.001020168167824560
-0.000947691089065910
-0.000915708057983329
-0.000988431304228884
-0.001072608889659776
-0.001089770842320976
-0.001060085999630034
-0.001018723257241727
-0.000982866187734407
-0.001001800598139591
-0.001108704405373342
-0.001216164073773693
-0.001189638876055961
-0.001040962755316367
-0.000920794620992386
-0.000893030085753105
-0.000848929748372942
-0.000695998505422889
-0.000510554427124671
-0.000425622631904007
-0.000457363438110701
-0.000521314234131278
-0.000549591077118476
-0.000512092205306936
-0.000380236201622514
-0.000164954949195196
0.000028737831175611
0.000066577622184082
-0.000082243538796922
-0.000317586050586107
-0.000517200074116865
-0.000642772613936711
-0.000733293948971443
-0.000817526338005737
-0.000856422657561695
-0.000790960516525681
-0.000648479033117477
-0.000557973782520894
-0.000608725606314478
-0.000717773341025980
-0.000714999795492457
-0.000563295413704005
-0.000404430224268399
-0.000353474152377288
-0.000345670839092295
-0.000264045207524168
