-0.132432150771113061
-0.127315090621672372
-0.130598540870151020
-0.130733394672507247
-0.123536806732610166
-0.120786977691384717
-0.132465720328040742
-0.149384098798312631
-0.155525964451119797
-0.148914134702079620
-0.142691838641748309
-0.148441131310438262
-0.163383080542904874
-0.177643640535003061
-0.186995505867197626
-0.194097211404718945
-0.201101091352619138
-0.204167137888799727
-0.196200992301754501
-0.174959687410527615
-0.148611628762485709
-0.131308523887181089
-0.129782020774119627
-0.138051646608864514
-0.147352944386855228
-0.153281783300205171
-0.152746212938063369
-0.143501256900087110
-0.130818361579625592
-0.126928562400314054
-0.135601431683119694
-0.145389495112891703
-0.147223138645099311
-0.148561710339881886
-0.161295639433925914
-0.181464224654113965
-0.194852668732363760
-0.196897265851903508
-0.195167012945061030
-0.196620342532996234
-0.201601384436544101
-0.209542274824176783
-0.219763212363411925
-0.227045649664778054
-0.227175327765819418
-0.226500394746691841
-0.235463462571757570
-0.251220182304881634
-0.260049591858055540
-0.256882474977579656
-0.250347015994132116
-0.248401971291203810
-0.248834483177737292
-0.248826507316798701
-0.251619128488344224
-0.257279651099369455
-0.258791017221305375
-0.253854897710160898
-0.249988277849098522
-0.251477116810698509
-0.251605576595467451
-0.246092099133029457
-0.242307513537833669
-0.245973645889642129
-0.250027041376068793
-0.249048585395657579
-0.252545288508718935
-0.269993211782545761
-0.291943779183854946
-0.302861650205986765
-0.301557487790807932
-0.297973495402885757
-0.296553437900656247
-0.292952959739981811
-0.285701117157494799
-0.279869400801034951
-0.279823568508247744
-0.287102541146981971
-0.303050957170338697
-0.324365756300653008
-0.340971201776573918
-0.346433096584246147
-0.345415071214872360
-0.344971204250859254
-0.342650308001640314
-0.332620704449165472
-0.319293608774879556
-0.313154050326955313
-0.314231812985198977
-0.314126833135891737
-0.312234024369374419
-0.313669459552795793
-0.313901603266744988
-0.303271740001192835
-0.287016140356702532
-0.283916340025274327
-0.296777774514965009
-0.305489992678870004
-0.298086781640920506
-0.286212232298344582
-0.285283639463621230
-0.290415854014546393
-0.287011628405272390
-0.272329384614581671
-0.253825288051365505
-0.236889162653733415
-0.225782482322436168
-0.228692862884285614
-0.245595004847646542
-0.260363909953082451
-0.259921448984756109
-0.251767395151330287
-0.253239860697346053
-0.264529237015410534
-0.268050958984098808
-0.254232424515838606
-0.232958417936505763
-0.220019137538841308
-0.217231776092307177
-0.213770585291323451
-0.202967432389816543
-0.188987716186209936
-0.179039239339888884
-0.172249958052303725
-0.158882388362239696
-0.131814967129681909
-0.097910305252918134
-0.075129162373863162
-0.072614401218781627
-0.079957819988173778
-0.083699112366412060
-0.082882158982493875
-0.084187473242608585
-0.091082119622965113
-0.103273695725574793
-0.119692352189016332
-0.135484322135993068
-0.143031740618450393
-0.141765141239698661
-0.140884867954938403
-0.145164365394511857
-0.144387442103323910
-0.127963858516083967
-0.104635399391490719
-0.096080922862549573
-0.105522064712274682
-0.110927464254245628
-0.096805518327505752
-0.074341659687997691
-0.066739538922581026
-0.078271258068623256
-0.092350589407966283
-0.097455537447448753
-0.096504544135723652
-0.094480988893942547
-0.089257692004261285
-0.078426199702707505
-0.067463817498929185
-0.063990516168575790
-0.066331403220337176
-0.064715275426339508
-0.052315156226532850
-0.030534679583536534
-0.006470479552659697
0.011103971073774893
0.016407901215289650
0.012787381672159620
0.011726614738285374
0.020631864197334288
0.033449062407431590
0.038087700381525064
0.032666473242909028
0.025598314964294738
0.020964904393039413
0.015690412593575148
0.009721194231564118
0.006215101118533489
0.000299092666934703
-0.018514883548337885
-0.048062244116680836
-0.072876813105644672
-0.085376648145407158
-0.093833974312089868
-0.106647541057959400
-0.119118881437961482
-0.123431435670476902
-0.120967650217967654
-0.116481071865755098
-0.108892365390338336
-0.097851279656025719
-0.091807468449510404
-0.096388600172261502
-0.101941301323674433
-0.098086926839689698
-0.091929018373842070
-0.096563544776669202
-0.105857068541774485
-0.101588013646739445
-0.082569384061009915
-0.069346688855516453
-0.075314833352206817
-0.087373234223065671
-0.088443035170109235
-0.079612134295321463
-0.072317119192834373
-0.069855579618805536
-0.065678142197110129
-0.055864355795507109
-0.044975913926737082
-0.040528426897452757
-0.043216304590231097
-0.042571844666767250
-0.025603858649612704
0.007422840398261327
0.038134545335147457
0.050918565792903075
0.055600931005989590
0.069290397139476795
0.085332160395841322
0.081593978662353933
0.057893490863953095
0.036990490529573122
0.029635663745498503
0.026545587818193578
0.020679956563693119
0.016270151468639055
0.012946677753746444
0.003317169263792857
-0.007498742495193694
-0.001915934250600243
0.024287707784640705
0.052898353059504938
0.069800300034183888
0.086723504721632899
0.116190311268621421
0.143831111823302077
0.148181840359037892
0.136806469042089679
0.132730160486475762
0.141536458624831635
0.155810658226247817
0.175847009288171957
0.203875037703063228
0.226046841348606170
0.226752632039573937
0.217929338793802246
0.224076094393387354
0.245972337335771257
0.260899908623969501
0.256164675737759917
0.243182950035163298
0.236294028615667923
0.242019479789011255
0.265252158960173623
0.301964898723811825
0.325163191679670338
0.307214149034244266
0.263780970157823424
0.235438988492761764
0.234478158713702672
0.237795887646725962
0.225764877741077757
0.210319757614553987
0.210253275113621990
0.223035673037918686
0.236607582777708186
0.253921891231862928
0.284731299342316002
0.316731781858366257
0.317864407983473485
0.279310761603855151
0.229910463620075362
0.196367541260284856
0.179611860860708766
0.169235497850974331
0.162784078171190311
0.163617982196329809
0.167971356851092851
0.166626991463044577
0.158371535250273116
0.149781063889779270
0.140713878685425703
0.122565657014250901
0.094592071906003911
0.069719039266965405
0.057643535562569154
0.051041135892758133
0.033480087834808353
-0.000273287188486432
-0.037354545311990478
-0.059372310899121011
-0.055507681845642504
-0.029468744783675144
-0.002153842332641404
0.002018235453935174
-0.015432185926575276
-0.026563015725080158
-0.011220056124028460
0.023294336405292743
0.054924541317873249
0.075444392046415926
0.094137835520526097
0.113698672461988920
0.125221278205506298
0.127789235950745178
0.129758038065330122
0.127648669919348506
0.108250569331727137
0.076974390783753982
0.057840733383612480
0.061317235887468818
0.071785743442520727
0.070210246578439411
0.060109452714777495
0.058315989511619065
0.072149398673783866
0.095817189929557095
0.116496891414951648
0.118768664789884987
0.098283685217173428
0.075382550889474181
0.076258596743060098
0.099142300888959006
0.110868611709183357
0.093188125693056095
0.075533433419561508
0.089692084933269495
0.123116307965935284
0.135403120692780238
0.121602780019962692
0.119819705040392716
0.148501556015167763
0.179670564524455928
0.179710501572822062
0.160382739224540799
0.154649090115658167
0.169112276150931246
0.185501932945808828
0.190424565194788314
0.187156168660178007
0.182624644522425633
0.181491596314474396
0.188860774883340493
0.203048426934280574
0.209598421620170366
0.198522202569633682
0.183406369515090789
0.184699299448489368
0.202136412096191348
0.218807289719563730
0.231312937192369311
0.256341073066397196
0.297400035490034020
0.324370637517698346
0.309309870001358234
0.271725931817019650
0.247299146793137442
0.235657830868349766
0.207732798560035986
0.156999781511699549
0.114222568679885089
0.104388504743614247
0.118852570058402079
0.129735735615076425
0.126393268638562567
0.126189623617470964
0.144636116573094581
0.172731587804210024
0.187018384216358274
0.177229946094900809
0.154855224777190909
0.134782146390392071
0.121114188780419768
0.108811522701494828
0.091721191293723775
0.070301495303869727
0.054188611858526275
0.055475608612015698
0.076996892674881051
0.105855705313998655
0.121778898002158881
0.117523144360462156
0.104840191784052766
0.096480158772387442
0.092425488484565527
0.086094747782799658
0.076964711940488456
0.070745073400831776
0.069176469730121898
0.066131409732854779
0.055113956355366950
0.037534484736763879
0.021537547101392857
0.014715689842879381
0.018277930155171068
0.025332267006172055
0.026119545413478468
0.019425393462164292
0.015796804417543026
0.023992630059771564
0.037270978766593105
0.039042154738752805
0.023634738259545290
0.000766394891103722
-0.022245681379722854
-0.046241647200952057
-0.066879691852498230
-0.071847364851049950
-0.057641590194922682
-0.039351702808984618
-0.032713538442236706
-0.029617035439170408
-0.011105384960540837
0.020521990124334172
0.039763384913170524
0.033233738858149925
0.017803811801084896
0.010581685030337823
0.008590393696861293
0.004940190330865318
0.004907206372895739
0.013827689461176490
0.022152219142101387
0.017375965643061736
0.004552888928553628
-0.002137082540089624
-0.002178541078254354
-0.008953708527797227
-0.028460350379010985
-0.049324462289570908
-0.058181326478249723
-0.054894264526968245
-0.050177862287221014
-0.050748194133163477
-0.049641984296651925
-0.035493032149964604
-0.008901227111024840
0.015891588035990750
0.029985278582778857
0.042763139384421972
0.063138942558754602
0.078693605237019154
0.071784338480537974
0.051725048370695331
0.043372354996147638
0.051900133127205178
0.061782962731903840
0.066133279122263605
0.074767344295176480
0.086468207710126060
0.081125387023044032
0.055023039576021476
0.034427056167181197
0.036806687619211770
0.046655209366876699
0.039906604800835715
0.020087829104997595
0.006666523230264593
0.002173913532766386
-0.006460233112124319
-0.024905990429297337
-0.047072465753336928
-0.068534198853467926
-0.088558659784792854
-0.104004266643877546
-0.112360538764046197
-0.116741103340369495
-0.120952041177579434
-0.124643346603023147
-0.128904019810916953
-0.138305122612867454
-0.150378112467959762
-0.153716277954307340
-0.144134904360182864
-0.132822890289962442
-0.129210383831323911
-0.124688462083005908
-0.109595772382649864
-0.095149318283847567
-0.098352978745920000
-0.109391823354826473
-0.102592040662639189
-0.073452745891798538
-0.044870428356668463
-0.034340100345165242
-0.029197244943598349
-0.012968139607896584
0.004471482925281739
-0.000759601810464444
-0.029223962911656992
-0.053239595271789814
-0.047713312053074747
-0.010868099838732409
0.033459406465639802
0.054517901103562888
0.050506226070908239
0.048558024482921208
0.064385144333552663
0.084101603373284289
0.088330063911461559
0.080685453808579360
0.074113846651433585
0.067112073460757621
0.055320842026985367
0.049455535257991151
0.059382605307870845
0.072665348394613000
0.070040814522025568
0.057295391582499716
0.055207997951766868
0.068445616199940579
0.088267635442795450
0.113769957492188739
0.143852952928134353
0.153715508258769867
0.121116100257287002
0.074159595272518558
0.058581869210488996
0.080785930424621982
0.108059069568946814
0.116580613986216969
0.120285655460018986
0.132238045011857958
0.137068556210658693
0.123393560025939125
0.110000841401757782
0.114782415766236795
0.128699790155840516
0.136795985631122580
0.145414621623769363
0.168035065110721277
0.200590191269256118
0.228886697866062278
0.247885098391172093
0.256833569481870083
0.251344651561047683
0.238502373198310774
0.238056432740254648
0.253242666276459194
0.259286101814785508
0.238006561844806036
0.206397605885931229
0.186564668922431037
0.174863100515496667
0.156443520179990830
0.131879690437035485
0.114268311961577801
0.112997768006663474
0.131800692572773798
0.168074110185938957
0.203410936903965250
0.212237712138497375
0.198221203933959117
0.194399042201479494
0.214638267245596509
0.232956333199756477
0.224971183501877586
0.211327448091225806
0.222212851326351352
0.245634368442029322
0.241067153387945238
0.202760277477357448
0.167919479961610912
0.160794403420049553
0.172593784181827997
0.185364420084433185
0.193826744867935913
0.199121681273678103
0.198711545609151358
0.195975391028377993
0.206585246988561483
0.241980334880645825
0.289059056924541369
0.313150814116590959
0.295408943556781600
0.260970837075984563
0.250151157680745251
0.277150093559651478
0.319467655869995704
0.341396597524858625
0.336422958866720134
0.329447790852999023
0.337437237285307501
0.355191909197727251
0.375295333873561732
0.399794219869233580
0.425768729396801882
0.440694810263103531
0.445252872605584993
0.458250412472079760
0.484713289008514070
0.500930944190451810
0.488802592478707276
0.465012840493937207
0.450336076721943424
0.438083535038586880
0.412906809087425386
0.379347144228448063
0.350332145877983892
0.326912784767472542
0.308376547096048115
0.303379626834368143
0.311634815204766213
0.309112888179581158
0.278033958202714149
0.239601753795330635
0.220824126451291430
0.209338807477236516
0.171290572958045256
0.112035141916345088
0.074244904930135552
0.076902574096212012
0.092533134742232542
0.084616884907687456
0.063673853203747827
0.069306546144291076
0.109186315830048647
0.142837611327564978
0.131720583765902427
0.096015903232956473
0.076547369949382910
0.078567518847108969
0.079438181153705129
0.069231357304466806
0.062622469048564916
0.070156210733016561
0.082278608157781180
0.085476747236407385
0.079734823193810284
0.072017045984204303
0.065924667822833655
0.064595642919809654
0.070210050519489225
0.075184699493349022
0.067486512366755042
0.051161695632291421
0.044357230042138290
0.052824604495713773
0.062174274874040231
0.061847015615386386
0.060860955610158335
0.066174702130164048
0.066431498508116332
0.054806619133698081
0.048597376286898392
0.063758352686124592
0.087246783864987382
0.093345864420069175
0.082471426866014802
0.074960622987319286
0.075477418617832498
0.073869543314695280
0.069929552269355794
0.070071374261172353
0.066420572092069724
0.048734524872021984
0.032140728842819793
0.041449892099921865
0.073996661812202408
0.098112538715522030
0.095777377982095707
0.085391690977475759
0.085821862954570033
0.093791792291253090
0.102454478913463903
0.113669051497000767
0.123354229594116654
0.120703147367380831
0.112336229468709442
0.118386104142821663
0.137307447569980562
0.141633673804878540
0.122953804871401257
0.109828500403141932
0.121467215146712298
0.139393384154911398
0.136973038899936922
0.118642525777156033
0.102616963612425532
0.088912025936564859
0.070794072844414829
0.055878265461554250
0.053692706484545022
0.056762363523841314
0.050986803635717809
0.036293018445689856
0.021423505367085566
0.009245767628446172
0.001483746616733311
0.004833049447253129
0.018969339675667912
0.028864633846171855
0.024938656241983409
0.021368069342333790
0.034629206635378690
0.056316110337114672
0.063468017965427531
0.053026102041310391
0.042561366482606416
0.037883905683108704
0.025540117516014010
-0.002023798684960859
-0.031644412761561741
-0.045732396146536042
-0.039200400491081672
-0.020426843755077334
-0.004292507467562739
-0.002131262712794207
-0.014283502263464781
-0.034310214898181451
-0.058537641611371788
-0.085670642346348164
-0.110186596386487562
-0.124810771552355232
-0.128968962869481257
-0.128000650329601423
-0.124065974589782663
-0.115705891485355400
-0.107727159058716909
-0.109859522161951745
-0.120120225860287172
-0.123487564450823567
-0.112854649780496002
-0.099217270445158517
-0.095731111616596115
-0.099654841253971421
-0.100722140734262361
-0.095437571318312125
-0.082424041367261586
-0.056846394017935037
-0.022696215783686885
-0.001476736184869681
-0.007741195054992739
-0.024776076870179603
-0.031023215005253763
-0.030910140705011774
-0.039914455232927498
-0.051289282275024745
-0.043357304024291971
-0.014116288603322064
0.011994087485527410
0.017542700541876760
0.017000490455736900
0.030012611396873584
0.053883256638525973
0.075643627150536158
0.096948378163215748
0.128588846204593515
0.164155799153257481
0.177441419230264769
0.154774248487765304
0.114515343667277975
0.082221181229866852
0.066539005101294929
0.062427927524252164
0.063938294934566237
0.067600199411142675
0.066461003868684670
0.052166167875897423
0.029857330571225166
0.020708540080068255
0.040967674870141163
0.081388202749505284
0.109745786964209863
0.105197121687482381
0.082722507495954417
0.065669946854600564
0.056658488822750458
0.045773583117129618
0.032927653446009758
0.031220875253386321
0.052151345305294056
0.094463171984183164
0.142398261339811677
0.173582484858156277
0.177631160625910306
0.164982137571027948
0.147944442048521058
0.122323861597330857
0.080504969457149439
0.034708319396353188
0.007423033084985015
0.004174691611033537
0.008837357641541338
0.005951523885637217
-0.000438306178677822
-0.000419426821450269
0.002890083982930086
0.002361484205079284
0.004841339828822372
0.021830035859386226
0.044742807660598322
0.045806871390379506
0.015379362010374459
-0.020121989483227992
-0.032514598535924449
-0.021130203823909982
-0.008490108916289346
-0.013269547241723606
-0.029184421002687616
-0.039316678836048530
-0.040762101933851241
-0.045215121298725874
-0.060016296937077801
-0.078740913335763191
-0.093755125723251759
-0.105920969031649742
-0.117133903076613338
-0.123544728752892935
-0.123498895877328346
-0.124245687581081482
-0.131069608250482222
-0.135832216502980080
-0.128394855958927440
-0.113833339427040020
-0.107500157151842940
-0.113673154677112281
-0.122850879410738162
-0.129434234270858789
-0.135079840943640700
-0.137634660867191921
-0.133038320880171118
-0.127668174461743417
-0.132781246190287000
-0.144250061623807518
-0.146522858910659887
-0.137534488731313825
-0.132496551469665019
-0.139093337056788974
-0.145168091395436433
-0.140205818736653082
-0.129880895529007973
-0.122510788184703318
-0.115769437886554277
-0.107300189530584872
-0.103944008088705436
-0.107733695922016232
-0.107004044485722899
-0.093873233796931604
-0.077154905784606070
-0.067614741932091077
-0.060838477285384635
-0.048985738837987430
-0.036736579237182015
-0.030696694059231394
-0.025230968611852950
-0.015206683117302250
-0.010496263752739626
-0.020763261768757563
-0.036598891418523266
-0.043780051704886441
-0.042932891929626488
-0.042668283770470744
-0.044054954637669758
-0.043081755709558550
-0.039460175865327823
-0.032765827892741767
-0.019935677736450469
-0.004625330398489252
0.004246896233466607
0.012023565499694605
0.036556295532555877
0.075999626047299346
0.098534034676042020
0.088628401057550071
0.076369213694244514
0.085160267027301367
0.093290960641543602
0.073613221425600089
0.046085512978182613
0.044911194189041742
0.067397168572536165
0.085970911742605377
0.094365973731761560
0.107397499587436357
0.119752697296002214
0.111215846296597837
0.090204449960648553
0.083954452301731347
0.094025567647161606
0.100736220996478471
0.104746151019018935
0.125536373428576681
0.156488570972819291
0.162039481728307594
0.135182641747345261
0.109615321562425011
0.101577019867090751
0.093248991301960377
0.073166311160108272
0.055249797463606670
0.047248492858535801
0.037078123157066128
0.020360374839505008
0.011072124116223131
0.013193232477346578
0.009506393449445788
-0.008610628965054407
-0.023928533873394914
-0.021089330059029271
-0.006239354222241117
0.009170770767885056
0.025821760545188338
0.043424500144831985
0.047559563650383913
0.030377978600550332
0.007316363605103987
-0.005987801601077619
-0.012448243512127727
-0.020053638774744226
-0.027374874444668823
-0.032404573432199962
-0.038953355502844428
-0.043251033725215354
-0.032163585196683858
-0.007529675809375164
0.002270233886265544
-0.021675495546529616
-0.055308545761490274
-0.067600213004781834
-0.061171561028044913
-0.062605425115865559
-0.082702244347584802
-0.103725302111059930
-0.108273739716703205
-0.096754336820404602
-0.079573053042712033
-0.065860850574691293
-0.060620864689966109
-0.065445178564510847
-0.079246998587960388
-0.101248605261736208
-0.130583592256616227
-0.160646613922462850
-0.180634860546754178
-0.186016450956761031
-0.182712702265555388
-0.178409566738465891
-0.173982762510730887
-0.169137808756082336
-0.170087664344126394
-0.181000600210584867
-0.192971181782828821
-0.193875744347009743
-0.185123420210246220
-0.180351616907288542
-0.186924453981484634
-0.196977216644858705
-0.201000442475714941
-0.199875744481112477
-0.200212695528157153
-0.203747123182798889
-0.205901840489395443
-0.203219599670226764
-0.198530680986313685
-0.198210660300317448
-0.204385783818998884
-0.211616654495080853
-0.213886011534397152
-0.213300500714318636
-0.218334186691355986
-0.232356636445543635
-0.248808361791620053
-0.260270033150845403
-0.266213749011528500
-0.270126852239828463
-0.274218517446231491
-0.279890089345963933
-0.289023260273515992
-0.300261018671931779
-0.307593406689705695
-0.307097009543112587
-0.302679745040834280
-0.301412975020755258
-0.304008375126737285
-0.304802994557209828
-0.300320077145683650
-0.292397040641417139
-0.283381198561320602
-0.273167072378796671
-0.262646933765254054
-0.256093552384054735
-0.256865399986441867
-0.262736171012521669
-0.268288842528509930
-0.270580839165753928
-0.271045585612377571
-0.272736134536967323
-0.276270341661001839
-0.278951023489965366
-0.278394537631379335
-0.275806739789734912
-0.273580327473941565
-0.270329300507684556
-0.262347306445800399
-0.250819115344080745
-0.242897493296955785
-0.242403477869325173
-0.244721702380499423
-0.246073017281858736
-0.250881679904259802
-0.262656853811701341
-0.273195762574680034
-0.270810165708358586
-0.256023536706827204
-0.242810305836960533
-0.242253945512045626
-0.250368898864955503
-0.258774976089844566
-0.267272746772478254
-0.278586397837591093
-0.288396145716375063
-0.289023953365819875
-0.280389686642029123
-0.271800917609202441
-0.271505650419065048
-0.277366005424909523
-0.282245752904682901
-0.285391719485338480
-0.293719594773070414
-0.311253681825366391
-0.330712398859214218
-0.339992243092445467
-0.334913386034973115
-0.323879414252779663
-0.319546921822497221
-0.323987756324652931
-0.326998905554602648
-0.320064204760206028
-0.305668080714723289
-0.292993865363622041
-0.287328433292272201
-0.286226836367393989
-0.285177888014299663
-0.282949457474417132
-0.281746796402806976
-0.284169304636582187
-0.289078328258505213
-0.290657207872904277
-0.284585000078040107
-0.275898424764815076
-0.276722698181887550
-0.291681348229512083
-0.311361382825139699
-0.325120119199129642
-0.331322064382321702
-0.332384304057851687
-0.328025315829994724
-0.319729374605128847
-0.316684489848674700
-0.326326833349839251
-0.341611870405362228
-0.351245790130690794
-0.357369010060926473
-0.370551145861199194
-0.388826552657653868
-0.397432844831440368
-0.390722293671124543
-0.381002361741317075
-0.381076982831091149
-0.384640716312754205
-0.378390058965938914
-0.364196313617961454
-0.356634881385264446
-0.361636748053601798
-0.371307943186960254
-0.380141134174120654
-0.389095446885726282
-0.395490492989090225
-0.393714972851294198
-0.386802350287849261
-0.385859881777827152
-0.393619860212518158
-0.400373001814492313
-0.400930687495189342
-0.402016590490468340
-0.408275689977572687
-0.411856404973034995
-0.404423378181533066
-0.390521776867800319
-0.382125234926993795
-0.383199002577179204
-0.388549728965039365
-0.394900745690233812
-0.402017696252773171
-0.406961858390736508
-0.406924394005072076
-0.405725601479114184
-0.409847722164108919
-0.418425205763223729
-0.424725916156043493
-0.426337155176043647
-0.426774275560593108
-0.428001212439504175
-0.427546068820923164
-0.424022378199965133
-0.420078474264217183
-0.418238070870453615
-0.417968397680069548
-0.418667776175209339
-0.421519842100796072
-0.426258998807349410
-0.429354540033692778
-0.427535346409218642
-0.421366090969666263
-0.414464983111629603
-0.409957075868285781
-0.407857781711237211
-0.405614237540600553
-0.401324775343338547
-0.396242371631785884
-0.392811617856680617
-0.390367269691518137
-0.386203178412623749
-0.381772784687646194
-0.382719174457192168
-0.389192502319504752
-0.392246694834165410
-0.385525921972277530
-0.375945946068577119
-0.376758926873085098
-0.388695735857206404
-0.398373295209896949
-0.397117585906353932
-0.391509512281463246
-0.394548887663260017
-0.408127873465909841
-0.420093459416263193
-0.418685942151225676
-0.403763027752969683
-0.386588861387563210
-0.379066080699133612
-0.381125622849483481
-0.383871687900731784
-0.383576648160013467
-0.385021644108573868
-0.391183054357908788
-0.397064135537323448
-0.398224076241880276
-0.398906443352522011
-0.405860680487569292
-0.417380791253295635
-0.425876606954268433
-0.428554000861564255
-0.429116305710805723
-0.430933768601274525
-0.433511140524711402
-0.435518551128347364
-0.436657377937488600
-0.436472280913326793
-0.435094718957728777
-0.434527070465996257
-0.435604268872305633
-0.435406306404347521
-0.432247307003606585
-0.431065455548881871
-0.437569912268223726
-0.447861480456826833
-0.452034770748541148
-0.446939003311003114
-0.439604271500241062
-0.438547258005513196
-0.445059054072672877
-0.454654471999238807
-0.461903396704387736
-0.462295360981407888
-0.455455428033528120
-0.448544295724714437
-0.450596827177654147
-0.460547090632662859
-0.468732154756304142
-0.470387167818674290
-0.468925360408864123
-0.466465487239988708
-0.459778307354852700
-0.449751554916535845
-0.446514374701693306
-0.456052616429730606
-0.468827873613670509
-0.472927864392555408
-0.469228696784729227
-0.467069941813743839
-0.469840525379405016
-0.473126063240449923
-0.475655421815292190
-0.481123162762811529
-0.489042243588289738
-0.493469322988989934
-0.492406254524786258
-0.491019338686705220
-0.493276903400852396
-0.495815591686733614
-0.493968690246966546
-0.488837803360585021
-0.485181188841394606
-0.485552351340095778
-0.489426346851454031
-0.495163488921211981
-0.499607988433843131
-0.498917372830001593
-0.493175201955298292
-0.488286936329743959
-0.489662404940558571
-0.495225068189442674
-0.499214062767861066
-0.500325697960345872
-0.501593683787295741
-0.504025201192458305
-0.505009571093440135
-0.503205197934502024
-0.500516867607852745
-0.497876283572853962
-0.492689345220308161
-0.483104662905065374
-0.472486165252349544
-0.466605308509050021
-0.466765806808204897
-0.468934095413546137
-0.469096842970776362
-0.465901448341389912
-0.459030370581590019
-0.448777679272326258
-0.438023541395084370
-0.431589140362201973
-0.431281042641920132
-0.433618890006287616
-0.434402833342495409
-0.433272571990531041
-0.432516321518900737
-0.433397951630048461
-0.435544395839760901
-0.438861136741371949
-0.443836316669699915
-0.449913218938586157
-0.454610890101635468
-0.454412547504220221
-0.447203982523534105
-0.435989550449378260
-0.430148242296093164
-0.437361328066644406
-0.451942958367267389
-0.459069455809643312
-0.451385357635169515
-0.437205042596218285
-0.431073421318219463
-0.434074369395952453
-0.432816309735112648
-0.419596023141997954
-0.403346457090570265
-0.399035483108651001
-0.408848424277510225
-0.422633274505639589
-0.432825843899990792
-0.438268135141657966
-0.438548879256767665
-0.432775941554170429
-0.423350115906656055
-0.415589277853873118
-0.412069678765942915
-0.411253336017630589
-0.412513121833199659
-0.417391394848701691
-0.424891138326462858
-0.430926267066819135
-0.434211693996622072
-0.438142361148025961
-0.444420427172353860
-0.448772134381793864
-0.447054147285736891
-0.443028515962227920
-0.445675275304032503
-0.457255510342151394
-0.468943937514546771
-0.470973061393911263
-0.462393660363375147
-0.450953793186254726
-0.444946357574201201
-0.444854880508175565
-0.444465157495149477
-0.438810096767312197
-0.428733394844949878
-0.418842853941817639
-0.412230843583681006
-0.407998366454135120
-0.404465294198367298
-0.403122833427151384
-0.406772859504113238
-0.413468141220670216
-0.416028705581187985
-0.410149606976224157
-0.401273417607867944
-0.399699710243471507
-0.406207521382667580
-0.409168265791044483
-0.399700360245111574
-0.383261012770920062
-0.372992319722242893
-0.371436216275986331
-0.367920737366872697
-0.356428604686294337
-0.345075006951960916
-0.344547602193287394
-0.353840778636355657
-0.366119553195420333
-0.380494153668255675
-0.398204863449911461
-0.414457166226904095
-0.423363085402051587
-0.426930758095489082
-0.432024428525892734
-0.439381758950666446
-0.442980211123805590
-0.440778467712806377
-0.438693492713090216
-0.441960579633500661
-0.448242966222498818
-0.453448708817782653
-0.458226369267200062
-0.464411344858326136
-0.470075944372743026
-0.472710148329716140
-0.473588216338796997
-0.474563831031118211
-0.473299905048366942
-0.466579817636931793
-0.456698790846447711
-0.449743443247746733
-0.447236502270982883
-0.444690280444164587
-0.439255941225213831
-0.433375752777276579
-0.430301883384531347
-0.430802794887722329
-0.435529808716965672
-0.444930047953632224
-0.454490350954005251
-0.455728685444685033
-0.444981897544657889
-0.429211211298942352
-0.420213843761831574
-0.420833376970675466
-0.422199590130983959
-0.416618871222618981
-0.407200485803778989
-0.403871453604595421
-0.410979689055634090
-0.422006163280873481
-0.428167586390506227
-0.427616148781424066
-0.424895240432100252
-0.423501354263174923
-0.421500827391765864
-0.416056254220477872
-0.409413642760954266
-0.406882499046119950
-0.409526383085740409
-0.413301792329031303
-0.415915277749097534
-0.419811538722400845
-0.427109215040094248
-0.435355874889536754
-0.440802719892349093
-0.443024304475084230
-0.443996620509573559
-0.444453141426190523
-0.443588700880675590
-0.441633993994725582
-0.440256243363877475
-0.440141189437368907
-0.439914563664914771
-0.437905609648353122
-0.433576108157169626
-0.426820283780424470
-0.417440329444704550
-0.406964795791405987
-0.400541048932437915
-0.404004283858634294
-0.416784132193934842
-0.430397647053888277
-0.436285081004599506
-0.433222805223371643
-0.426807363943776163
-0.422883770256899494
-0.423010797255688242
-0.426668527741525194
-0.433257096253441332
-0.439253715417225798
-0.438330774592841310
-0.428288477031923298
-0.415311854214996168
-0.406695246191374093
-0.400205430652009198
-0.388559551434010109
-0.373306652067763256
-0.365124514507941256
-0.367414481136529969
-0.370075243141245180
-0.365253829812475450
-0.357915668819959842
-0.356050274653542775
-0.357727107277263312
-0.357189396739871601
-0.358031931551277216
-0.369189910547924161
-0.389052184423760328
-0.404995303261849737
-0.408736898965682771
-0.404181656777851561
-0.401573011977018002
-0.406017866924302973
-0.413071696872696070
-0.415449072345053239
-0.410757384116435365
-0.402714728284401802
-0.396645354786968829
-0.394429769917697404
-0.394516259782859979
-0.395344513925774077
-0.396162941186708584
-0.395624752868289464
-0.392494635347067411
-0.387175179351827881
-0.380273419214639641
-0.371282659335392951
-0.361946565850970736
-0.358105335006668080
-0.362013796242072861
-0.366389772114964596
-0.364801806146571872
-0.363830013934081209
-0.374463018421687943
-0.391908226228984913
-0.400217035606768801
-0.395869007663848582
-0.393142373559352554
-0.402612610095211321
-0.414015882044418526
-0.412858911214942448
-0.399979232132590456
-0.386687323218885548
-0.377742219986849759
-0.369407154556218642
-0.362342677030855542
-0.362259889093026644
-0.368306863878718027
-0.373797016314484476
-0.377220895212484142
-0.381635980233030248
-0.385851842008024359
-0.386197118022142627
-0.384675575106667722
-0.385702400173807303
-0.386704641174939745
-0.382381790614806039
-0.376047841214797618
-0.375297849573967834
-0.376822523956884647
-0.369669914003166844
-0.354257105222024915
-0.345437900969712053
-0.351124678301499848
-0.360471202617179687
-0.362953461772008157
-0.362342406522451643
-0.365492840415230558
-0.368553481103926162
-0.363375993779817885
-0.349901769977205568
-0.334914752321276876
-0.323208525272123293
-0.315981889940764260
-0.314178531970046193
-0.316273380095151380
-0.316804249952182926
-0.312985883905786411
-0.308610778997200685
-0.307073253002886681
-0.305494230639596354
-0.301253787419736740
-0.298403478900281627
-0.300538172883460963
-0.302062645492468529
-0.295153716394126131
-0.282304642179051268
-0.274937249120759897
-0.277737433137563494
-0.280930178896255378
-0.272703099401219506
-0.253236557209219226
-0.234558761840908320
-0.225879715507391637
-0.220888263344975050
-0.207272027390711183
-0.186111349435207490
-0.173623885045986720
-0.178190661212209528
-0.185679752971621342
-0.180234043259702409
-0.166021332094225899
-0.159736059217732290
-0.167193745837861868
-0.180624630797441760
-0.195175987424119041
-0.209849328165606447
-0.218181803805239244
-0.215128440817572236
-0.210669469271143189
-0.220893463991158862
-0.242359279972303027
-0.255211502539506641
-0.250754885098975588
-0.239028429508512802
-0.231867037233690204
-0.229378933767478227
-0.228424551162290351
-0.230557389347601976
-0.234534743128924111
-0.234937540872967948
-0.233470386801606283
-0.237925933225532599
-0.245542514699461673
-0.244268970943159941
-0.235573261241092596
-0.238991375594276884
-0.262194711590125973
-0.285372026818883739
-0.291250477272856578
-0.287335283827277466
-0.291740420036816328
-0.306504442048743719
-0.319579079686773238
-0.326297256378067724
-0.331631075878408121
-0.337013675641898325
-0.337327751898998995
-0.330091158282102448
-0.319177180872452504
-0.309731078047382091
-0.304430493627376397
-0.303941783250827768
-0.306604236854692069
-0.309157682369201825
-0.310353996915313735
-0.310470855967917125
-0.306571539473459387
-0.294994207434751465
-0.280731832339694676
-0.275931292639616466
-0.282910306286405011
-0.289852028679957852
-0.288881797990925726
-0.284483790736676290
-0.280870398328428306
-0.273980622688716036
-0.263593495661014421
-0.259748149672918260
-0.265663608060672352
-0.269292935911197628
-0.265161252312585249
-0.267377795457693912
-0.286038963874837293
-0.306308068540276035
-0.311945115129656059
-0.309464777230759713
-0.314108465886341781
-0.322049539028342102
-0.318235474350103131
-0.304579758564611724
-0.298650698691829697
-0.303577765697064628
-0.302358704257912558
-0.287873273679398078
-0.275426295289092127
-0.279257499593941416
-0.291486478909971369
-0.299446780990549111
-0.304494515643659924
-0.312310326222851375
-0.318707398188895707
-0.316407589259264155
-0.308736288245908042
-0.308201480786858606
-0.321651895040713010
-0.341797514517721557
-0.355618654428472625
-0.356957343030401497
-0.351923399082893940
-0.353177578966997974
-0.364519166553641139
-0.375979111513283781
-0.379452434816523576
-0.380075166643861206
-0.386347529937367096
-0.394732951793965170
-0.395255264754723057
-0.388086402661407148
-0.384219592206409444
-0.390267602572504591
-0.401869212043665991
-0.413569078319854344
-0.423200425935231772
-0.427031779972193215
-0.421598192465309052
-0.411047476364052367
-0.403987135590884616
-0.400537592356972283
-0.392853020225961025
-0.380321228261906286
-0.371832975100383267
-0.369381627166826099
-0.363407614446703331
-0.350801037954600159
-0.342224242439452042
-0.342947362113581788
-0.341296738425299839
-0.329860507458638708
-0.322496387029091114
-0.334367285164671180
-0.353824042451396870
-0.358817424393560680
-0.346922978573137364
-0.334712463007403427
-0.333206597107351565
-0.335307477228458439
-0.333413377753315587
-0.332247657839333632
-0.337773543064804560
-0.345543669197768799
-0.348637206863113280
-0.348332862470120075
-0.349490747219139641
-0.350259848170282218
-0.344202664539953296
-0.331623686480741253
-0.322599930554281600
-0.325017519917068176
-0.332685489788214439
-0.332649643153945962
-0.320929132820371832
-0.306652290517946513
-0.300965362932590130
-0.303651473497822622
-0.306116967890942782
-0.303695100850977839
-0.298254736068047532
-0.292769132221946338
-0.290145099029146092
-0.295623350687706510
-0.311764421464072461
-0.331135410639820993
-0.342462096852108377
-0.343295600622889441
-0.341745951061801612
-0.345567732298079910
-0.353092957861925738
-0.358043507138259831
-0.358104119990384495
-0.355503677697700193
-0.353302186335783475
-0.353507235998874125
-0.356161353640461087
-0.358705310772366892
-0.358648121055445301
-0.357208816120515360
-0.357283802713866727
-0.357968235179280669
-0.355668171732094751
-0.350748476826625910
-0.347713962136467769
-0.347773137096553664
-0.347306236557302528
-0.345428471287006600
-0.345765604811797078
-0.347907079081876458
-0.344982774319734231
-0.334634414338786157
-0.326133866070394740
-0.329535860345891773
-0.340668405538495866
-0.347271739608346564
-0.345205510086544320
-0.340430666975189644
-0.338475829277710027
-0.338226031296773533
-0.337279585021107664
-0.337216473092118774
-0.340401737657372694
-0.345075739887651833
-0.346706995404634566
-0.342903371094100629
-0.335693663878624982
-0.329633154545671769
-0.327621890772293312
-0.328732683134418058
-0.331110569621224426
-0.335754449825586554
-0.344383326426132563
-0.353553716390681338
-0.355079122060124042
-0.344149527879085371
-0.325646507842570321
-0.311040004650316337
-0.306592733954504926
-0.306490877773489601
-0.300966273178158161
-0.287949060999142192
-0.274740033641725390
-0.268116536413547935
-0.264158036239378280
-0.253272109310188176
-0.235052433890001217
-0.222584019178037301
-0.225848374728125828
-0.234417745142959350
-0.229119408170591649
-0.205412124937358082
-0.179259418733157344
-0.169947037449440980
-0.177865931323237497
-0.189305185593569597
-0.196577267411484652
-0.202094993449193600
-0.208748113836079080
-0.214147623801111547
-0.214415436961088474
-0.209470375169970496
-0.203594630866606147
-0.201963830463558286
-0.206287186642382131
-0.213391346497666251
-0.218274990217749348
-0.218402531174761633
-0.215521158712807442
-0.214365280287123677
-0.218871004481611481
-0.227850123490585893
-0.235190850330911833
-0.236516304205307698
-0.235005556739042026
-0.237642353623082309
-0.244926992462860565
-0.249452349280025049
-0.246088460023992789
-0.237603188129629578
-0.228790410968946506
-0.220831898184739611
-0.215496540204002579
-0.217852933799461496
-0.227576282171246730
-0.235279020398207944
-0.235309409514406404
-0.234716950157642407
-0.241860166967323958
-0.252038510932977466
-0.256239598911894739
-0.256920649153465130
-0.262109268361701897
-0.267926354680712908
-0.262507832620184289
-0.246482958600061891
-0.236111220812488060
-0.240619174764179516
-0.249363326344894248
-0.252107840400166316
-0.254097028742032660
-0.262137149791523139
-0.268735704097112560
-0.262786135612699256
-0.247237243305862414
-0.236359756346431832
-0.237329189942483448
-0.244438678581043317
-0.251893245888247574
-0.258966754024792523
-0.263210844904155583
-0.260445650278642526
-0.253422911303933129
-0.251767252385798335
-0.258386008909129883
-0.264183193954690920
-0.262724947329993741
-0.261518505249035638
-0.270566421716469163
-0.283304345094993804
-0.282851230493050831
-0.265769997476726472
-0.250498748623690148
-0.255826019727025900
-0.273541845704677100
-0.282312737725205043
-0.277708083778291037
-0.272751007197425066
-0.274415766073885070
-0.273323958647841536
-0.262687015969332305
-0.251627354294849725
-0.250531354279519336
-0.253774032814029660
-0.251828288715082005
-0.249458128364655002
-0.257511213694845975
-0.274057509783421804
-0.289395604177582033
-0.301685454639456618
-0.312532858292368765
-0.314863869955850362
-0.299372097621678712
-0.270832089499037809
-0.248526216693590901
-0.244737642186256182
-0.252907587901445852
-0.263829179952742576
-0.274672102457245271
-0.280462602533183336
-0.274555636194561026
-0.260544235780320044
-0.251290258884861450
-0.250252583884983726
-0.247344888549060254
-0.239519305921757325
-0.237866574880624931
-0.245993297508124736
-0.248542690893937795
-0.233484458895428598
-0.210857099733991721
-0.200072324902121151
-0.202519090056015899
-0.204123286141649346
-0.200113671495846163
-0.198356209246164400
-0.202909992245662002
-0.208812381785660334
-0.213621672017134251
-0.221393495005816648
-0.232613860172649872
-0.238769781242580331
-0.231021878973108580
-0.211100314444372078
-0.193048916544284938
-0.190915110085981860
-0.201902440970114366
-0.210601213719165098
-0.210528468452166800
-0.212000010241714915
-0.225047927467723646
-0.241850729406166171
-0.248800690302783872
-0.247045434251516399
-0.248721371397404273
-0.255751946351335913
-0.256350982976882191
-0.244101004185447806
-0.226321769532354083
-0.211269841606454373
-0.197441887628909823
-0.182698656736156734
-0.172805808066430894
-0.172014476517643039
-0.175369321305360676
-0.177821613081992097
-0.179872768813692768
-0.180257550872485989
-0.175024171802718592
-0.167349791126596453
-0.166141280359452220
-0.170704314929695650
-0.170892499651336155
-0.164689771117414036
-0.159259488464359250
-0.152672129817390895
-0.133864612266263699
-0.106686716634693562
-0.093290132900476858
-0.098103738309928495
-0.095467303337551629
-0.072320619780360890
-0.053681377479266740
-0.066500426462160839
-0.093884318786920634
-0.104835338736259637
-0.097303060706289607
-0.087906209335423841
-0.080844757518494875
-0.068015839198448586
-0.050760194697366284
-0.036930981036618432
-0.024024223017118068
-0.008614046088353616
-0.002477015702830571
-0.013374595615863211
-0.024003080531904614
-0.018808980611873999
-0.012075303240197593
-0.023855766431511022
-0.040516348035162381
-0.035575617999291348
-0.011907836591277837
0.005489467490945227
0.013357509635914283
0.033374360111338847
0.067258163789963271
0.085334645442075890
0.071486156146732899
0.046200710436327647
0.028336470371410266
0.016851518224013956
0.010701834592383802
0.013906010948512376
0.018661481144223252
0.010492686885158781
-0.004331349827299574
-0.004761218782465187
0.011749506477828214
0.026375219809079947
0.030976075504416917
0.038327040871284218
0.051963612037437240
0.056880484288817618
0.049333205927686613
0.044491112469404598
0.044851638193305593
0.035353164945427812
0.018296245681692719
0.017032573004244739
0.034395447903549176
0.039174546846929642
0.013809068128591034
-0.013092978458100119
-0.014004527511114834
-0.000634972699962294
0.000374232666331270
-0.007859216220985982
-0.001874067742456381
0.020687562214756067
0.038667422937426726
0.041895135433566683
0.044152991461536256
0.055968723395595527
0.069440642667522118
0.073074800448846039
0.065908249762595433
0.052674627683093916
0.038156518828983715
0.028840955121110928
0.029749201915864137
0.038752515434025442
0.050115012266927023
0.062698313651209009
0.078604106174784721
0.095143645360988044
0.104175761434971287
0.098685040071308266
0.077528894530324161
0.048049357868116788
0.025468101276419602
0.022814900622529194
0.038710770842506376
0.058897852541872048
0.074795291832189109
0.094711558655221934
0.127737987301899197
0.165730188371459558
0.192465804685692271
0.207627752502747981
0.226598089285472287
0.258117673537536896
0.294286173482729230
0.319836516287996919
0.327140385840317571
0.324511129599379111
0.329889770811541916
0.351802781007217624
0.376380990545529426
0.383273892191550281
0.377594861577691954
0.383676687470864253
0.406733846960029122
0.424585245565952785
0.421890401280873850
0.408655713594408332
0.391817083354095153
0.363961895184819251
0.333007818542625178
0.325139760667428335
0.343514497432640398
0.351854007677577241
0.325784096040365623
0.297871950091141424
0.305423580233726066
0.330547656321812711
0.321529262226101120
0.274594974550052551
0.239053130336507630
0.239286714869357903
0.250231813166780115
0.241610731205390200
0.223164094228637339
0.221755951852297656
0.237950206525740476
0.247341457761663136
0.235653126114818118
0.216735155025548160
0.211017922787407913
0.222097759262634392
0.235709387007837584
0.238375081638675684
0.239637127725269211
0.266561953040006405
0.329519415336455013
0.393629976231867462
0.404222244694128485
0.368876390106353536
0.355515692743701206
0.405416975516860290
0.496775766871677349
0.576840233435439775
0.636645053761668245
0.715275375621483245
0.813521233506217301
0.863916693292043347
0.833311206028756080
0.789857779441886954
0.795736826056473778
0.827151656638038246
0.820074264876222148
0.773214662633720073
0.744401866365715814
0.753925056644447422
0.757427217193358371
0.715111939026234489
0.657438237054703944
0.638529289846582970
0.667355286138778259
0.706100167459043804
0.722050822180697716
0.732692948180857839
0.776203761159607430
0.851782602888634943
0.903717537158634454
0.885169699978628821
0.837886783002974034
0.848567500517351081
0.951897703584506982
1.078358650397195806
1.093209818234576858
0.987571991456543619
0.899517634186201787
0.911840878107696651
0.977718480205894136
0.983480293987870735
0.913662928984832257
0.879950618773080007
0.962499330942785947
1.125002161022862435
1.225652229648193092
1.183146056127228007
1.099753049657047566
1.094453085552712590
1.178733067579520455
1.271541822371178743
1.287739964488145539
1.243648870702882103
1.215043493124047469
1.222274475800409821
1.210471109979595283
1.137310813423984879
1.051526797721634487
1.028788192365297505
1.077735941732457903
1.130942344319503690
1.131945047997921172
1.123656316283579315
1.178393801959943143
1.284970653344843061
1.353563988622929148
1.361234523125810725
1.415957348399205173
1.609464498630554630
1.889488625546676737
2.086715094647593638
2.164773951409444841
2.259875457550487798
2.365506900342571051
2.270489274592091267
1.970261347306522026
1.747644356338152072
1.764839706187277812
1.954015304643232476
2.066493577409721727
1.941930420985696681
1.730197320900017655
1.596076050324086726
1.540019320206733600
1.482505535899024895
1.382633648682111360
1.279762115404217138
1.230862082020047765
1.242540384761946726
1.256485146326439484
1.210402002371528507
1.130332221373879786
1.091636618065654485
1.102431303537004137
1.086819743790247816
1.007502147061817066
0.945195658552118734
0.977207865400325226
1.067425236565875402
1.097493731703684361
1.043711350100580137
1.013793837083562188
1.063202405475979440
1.124469102213978999
1.113848115427373830
1.065074255543998927
1.056682592094181139
1.097846818660235257
1.154610696427905925
1.223571764569681974
1.320412320261133754
1.414204526549472707
1.453457326558223350
1.463102229626890516
1.515697512262048186
1.618746376496384531
1.700904349109874758
1.719130373401511314
1.726278732746292288
1.791427987492784535
1.924406511027192845
2.073951931134462967
2.165279567920844528
2.173234219773691578
2.163780843433138923
2.215698765042778628
2.308380918737249488
2.323311386660134481
2.213139567477000913
2.076349531240551105
1.979510986887556001
1.866389358555768485
1.680313022595259387
1.479602023954660783
1.354851167805439349
1.333199450016312237
1.388959171416391580
1.479711407608604201
1.561821777207924811
1.600500367642570421
1.593036588308566426
1.563734978910062079
1.520980696293752210
1.452318117838718781
1.367428503934521977
1.303125495784881682
1.282478562970380320
1.303238590088890536
1.357229592062076939
1.426593380687062318
1.467000379603552673
1.454312014804743036
1.440343277175159642
1.477858628702562349
1.515704341355819551
1.458121259192965979
1.345077563960038525
1.293946049724661318
1.303461879708769811
1.258653529263613624
1.140524646939751197
1.076943539955627305
1.134195145550271899
1.223005963035594057
1.213428285978363164
1.143683104293133468
1.128066592509883836
1.168219849090871509
1.192982890118901018
1.200739609659860818
1.247473907954555372
1.320295759132198654
1.350934844528547174
1.347587142650931824
1.369895168542104358
1.390798468113348285
1.335535559925965732
1.242227735096352870
1.209537439644163381
1.242616685117837516
1.262337446046849276
1.234172288605803747
1.200939632368565047
1.185461274719346925
1.186950604139533905
1.246896046240216993
1.410169896924222677
1.610906041858249260
1.693178807484230219
1.664241215600902102
1.672305780374705897
1.713664216662674544
1.646855694579025364
1.494446721801259148
1.427462109202893625
1.485233136042631408
1.540225988783464839
1.508746167266415306
1.492932432287914502
1.582702761150800885
1.717944388957454827
1.797479882764405623
1.837232245574051959
1.879327576858071058
1.878550207729694943
1.819744613438884606
1.770366781672831902
1.725865557439486331
1.609651907023830653
1.477479483314806163
1.487683691867347502
1.681397916518120095
1.876788735403963404
1.867853461572762885
1.796018171752384873
1.874731499612521279
2.050303065719916606
2.088512226330221377
1.961756366654016315
1.848039275903255785
1.787534651532971974
1.707732223074751587
1.619848056806864278
1.595776121486712995
1.623262062357714086
1.618707575743678628
1.563267831680873243
1.513756301216042210
1.493349387448480226
1.489628870513520553
1.517821793319239720
1.596729544462597072
1.684178702362956415
1.717963530017969198
1.709930976572638706
1.687025724775754298
1.600370439476650031
1.427833489683769219
1.263805659232059675
1.184156468131313034
1.148937111465107019
1.077576398083833098
0.983239569136924563
0.943684193681992967
0.974751282887086234
1.010207942465020547
0.999114474861364621
0.986673233262412741
1.038912094603435143
1.145660381853151666
1.213755269958849858
1.168586730383073036
1.055498603280904835
0.966786923963691369
0.938094192157108542
0.944438490384701734
0.951954122931982227
0.964637599674398882
1.002187790625776564
1.046619229734200740
1.061903758212160209
1.071183717674267122
1.134679304663769983
1.235363028716300438
1.254479626278444115
1.153151400840092933
1.056762532219888140
1.051759332871615715
1.091125954774429641
1.090604506403072271
1.064945375067973377
1.075466427381837509
1.098255517224205668
1.055350490828825816
0.954651115120961902
0.873276238179914732
0.842507416222086580
0.852580475430651741
0.909913772458684211
1.018859048920627064
1.104938312469054384
1.052900142393745408
0.892283380113157887
0.749737880473135943
0.669361316279333818
0.623492288067854727
0.599019022204606011
0.614027496777382775
0.662971371621457695
0.698959700155708075
0.701901753054320232
0.713063298992586581
0.754555322703402864
0.779754839558427837
0.749669622966261495
0.707257080333239085
0.697659400016151454
0.690955466443624045
0.641376798684195282
0.584400235984593341
0.590160164200915438
0.660981252593708102
0.710320910715629306
0.666672270553975710
0.585283126584896007
0.549771402203811710
0.565400286778893757
0.579647611125510998
0.563453652489238288
0.547642799914503375
0.562045371413401607
0.587842443656554026
0.586678118674797244
0.558094229566156730
0.532432542230567241
0.523689534185740269
0.528079262802286009
0.550357166239468065
0.595630150962025096
0.634930349133837724
0.621570458429461570
0.565276986498957634
0.524453244134777230
0.521732300560097007
0.526285939226948885
0.516267139046181378
0.520307375680436057
0.562761317846716458
0.606118759212027292
0.592265152962029640
0.537560698105378321
0.501771838476940624
0.495616699279960327
0.485804419896066375
0.463117425733376442
0.456028859001051834
0.474304097874299946
0.488840705708671774
0.480220742695853686
0.472785592934231613
0.493578804890791534
0.533996788674429346
0.567546960955028656
0.584618296871675436
0.587546120121065552
0.570565362211997162
0.535362410676625156
0.505708325832212924
0.500948827182759682
0.510550137903856727
0.509011646846977750
0.491996624622086043
0.480192431030749600
0.489250847705504976
0.513235881886249357
0.533865565411184462
0.538775314124784743
0.531512302634711831
0.526851145972240587
0.538044629904430693
0.566114054414690204
0.597815909775995302
0.615035786042212762
0.610729507467707600
0.596156858331838957
0.589777257074070804
0.598916071739735156
0.614852921384770101
0.632227077041582874
0.670969538733939053
0.759979362007382586
0.886541666037291454
0.968617374916395879
0.942575419370064282
0.873986722675858307
0.866992822787908790
0.943052830189793689
1.031505832607027440
1.052273318811921765
1.023605889298998317
1.017019530447623499
1.047942617716302482
1.065213348074578903
1.028721975942450406
0.972222313049948661
0.955603547158290767
0.989090112181169379
1.013893310094950539
0.958843075036712400
0.835647620623609755
0.720455099679597422
0.659266105066247721
0.644401312234667123
0.646720306277057122
0.651038382539890548
0.661302432633052661
0.677646380453660213
0.683980900845638895
0.663822544960516292
0.622092630872091212
0.582253115300963020
0.563426424863921915
0.564149144221896326
0.567230143827256561
0.562671930141091514
0.558809119926098385
0.559854489873555683
0.547528729557831828
0.509589899194462181
0.474319215197086641
0.481033033500637086
0.527448300077172694
0.562838869211453097
0.549396012175972337
0.514176555202595087
0.497138419155542910
0.496657873286540208
0.491081353989204161
0.480886486198166652
0.480100061748149565
0.482849091128425445
0.470849620941452218
0.446447889019324973
0.427923930263839458
0.418383242048786186
0.405059470687410772
0.384605709553384911
0.368379063898527925
0.363144735130875973
0.362669384285594254
0.356683764519266533
0.338957278123200090
0.310993330535432988
0.285238814181170697
0.276366911760004164
0.281346192176345267
0.276040515984353196
0.246678700324065442
0.215341570346064909
0.213242104632361901
0.245931815611471233
0.292840403632297686
0.331740387737507691
0.356003014664458273
0.366147487287623030
0.365399845853580429
0.369460889123456204
0.396640651408713851
0.438718845089772214
0.456438992784066300
0.428345094663997616
0.388543275257168363
0.382482539554137468
0.414183481038023493
0.443778432073396734
0.433801927727897607
0.396835029414049800
0.368305736207850676
0.355273792830728463
0.339519693576988524
0.317694225161955335
0.310752761394183508
0.327273967532100252
0.344887228801662116
0.346117438884949613
0.351677517967143527
0.379645791839882230
0.394974096569766675
0.353217895944795690
0.290750017634268665
0.279983978515044085
0.333102197529776434
0.389144558596898560
0.394782423492340384
0.384934950465783188
0.407408814104214811
0.440787267621599255
0.438893382556020062
0.416935612703091985
0.417200888339267828
0.429760325515028963
0.413987389069665812
0.374974619132303455
0.348981679747759288
0.333444839008241956
0.293968913804516396
0.227444178140285475
0.165473352472319396
0.125659796103006677
0.105492339748131631
0.104380145552483622
0.120850258252194281
0.133643130902419832
0.117395165851509636
0.083030264045046737
0.062458283974468592
0.060500437930109813
0.053605765457740512
0.032414788775018882
0.018229034993648557
0.026555779998153811
0.041725145938708103
0.036456634008665029
0.009859017715269619
-0.012393124062915511
-0.009422248843478892
0.017832889253122847
0.047780174363345779
0.056299910231817879
0.044569764171408316
0.035081900212040246
0.038104741222300204
0.042749912053357070
0.044782043958638690
0.061564902496067248
0.100941153921690091
0.133733890219009360
0.129519894346110748
0.111356330816618415
0.117311876722855896
0.136953475193278468
0.129154720212622726
0.095658892480073726
0.076468514717117658
0.078266901963993524
0.069057751066744139
0.041333794273999386
0.030152426205586419
0.054343358150951010
0.087736183213906832
0.099642716512047785
0.103217262792323433
0.124439294816113127
0.154758885229925397
0.168642292492238471
0.167190043153289419
0.166442079835540907
0.163235069172270902
0.150692808758600666
0.145455279741946913
0.165950236265692691
0.199253058428928126
0.212675795048235944
0.198307958233846587
0.177237876476799089
0.163061818617518645
0.153753677958812757
0.148731983065170187
0.152071804679318884
0.162666052907288611
0.173167847101646982
0.175126897416879895
0.160666612966262029
0.129205355718859133
0.094241652224804934
0.069590851268986093
0.052167669778101361
0.032494407631702721
0.017762970728159772
0.022627168050203789
0.038107921408926243
0.034223570297115508
0.008494087812950551
-0.002764569208211359
0.022589179938143328
0.062158409664380437
0.078441358115716037
0.073437765927483717
0.076298341821296217
0.092370648112076598
0.104146683181836591
0.107259954363915305
0.114222147353639863
0.128083546946330479
0.141603086922349103
0.154813155779830319
0.166986985007829242
0.161164577525825109
0.129606551408168430
0.100504713229806558
0.104611873702379649
0.134986239681004511
0.155421737039243529
0.149898363621825931
0.140002686546932681
0.144750180932763012
0.162844552738303866
0.193235931444362657
0.241020048828381656
0.293976775961785397
0.321805793727870992
0.323391323840037104
0.339242087039437812
0.394983927192747886
0.463686765008318846
0.497614871669504466
0.498575701758690815
0.510737011668724761
0.549389921378103385
0.578092670659054231
0.558377171831959562
0.509680054847491015
0.483659450379977485
0.500253377930062970
0.529098060146037441
0.525980138234995231
0.492706001801404780
0.469369632399858072
0.473460414604356949
0.484432441563788285
0.482897876091873957
0.479106533035605797
0.485658252651379407
0.491149647738184369
0.483348306109081194
0.476299540153920842
0.489602376282111895
0.520798507715339309
0.554009768202958441
0.577277905232057242
0.575379101426965467
0.533547890879906839
0.470735823869854131
0.428236445555647882
0.415733767145670341
0.403471098566487441
0.378406139634619110
0.374618687970147968
0.416895475580873698
0.467705157663551474
0.465642446544670352
0.422643437791306087
0.397858334398128233
0.401214939961421213
0.394982927288887509
0.365410300118912734
0.339738921136570338
0.329811338529358955
0.317123479564965893
0.294110679968024313
0.277133020755091164
0.272717504746115780
0.270098387114572902
0.270609368891616575
0.290289145167471063
0.326970432403509315
0.355587125251782266
0.367196047553672078
0.375164499551526309
0.368880385081978068
0.319061780624823821
0.245642892000530771
0.205131340838318049
0.212468782103753723
0.222148282883896847
0.192004953810144569
0.150535790036332967
0.146166921745374795
0.178523532455624995
0.207097017429288405
0.211628450870226720
0.217097407577630269
0.244941709578632011
0.281745622673982843
0.302796946465840766
0.304311878332885200
0.296305701969332591
0.282697096217965016
0.264881147479650081
0.248976600012340871
0.239754582348124495
0.236810381224914573
0.239624648172371696
0.247369357978881016
0.251121291989244599
0.236537853556700733
0.202166862411029852
0.166670683401344583
0.150432286457684666
0.154641059012078891
0.157255867848681813
0.134310033570080950
0.092899333463552253
0.066573989492418523
0.077224432251757763
0.114346036905934673
0.148112007005341967
0.167135759536154532
0.188527439827799931
0.219772669067287735
0.240343320582272119
0.239205351717594800
0.243419047610417966
0.279077232748986437
0.328668024629812261
0.349981577720225867
0.339343423345618622
0.331303519453313267
0.334616697387742801
0.319125757612494954
0.269100378440450094
0.211979139251185694
0.177456414034987991
0.167981086427622633
0.171577517187387535
0.179573647908972317
0.183992220290531611
0.171081287786171238
0.136341364021831918
0.099288030718343995
0.086738330454105256
0.108378235655862770
0.150642837383891143
0.187851921192987964
0.203149527023628179
0.198492374098226149
0.183561157096904987
0.164521151192675935
0.145201044287187692
0.130076812361413413
0.120770342944450965
0.112764247930710354
0.100402597944979050
0.084215441636670135
0.068408597427255996
0.052953459762700911
0.035146478105407469
0.018502018087319522
0.011783652628301361
0.017240258951193160
0.026467732186962939
0.032343464395724636
0.039897448383553774
0.056740919385210281
0.077235109589601197
0.086436584107056097
0.080866127353797029
0.072421652107465512
0.068096946187564095
0.060023079297816778
0.041457256284121419
0.023634524158257036
0.025868173411781242
0.053059691246007151
0.086278930256516645
0.098818166734884277
0.089490380148384036
0.085206346961958029
0.104301684411466894
0.130288285594459458
0.126120799518021659
0.083502701472965318
0.035457239641104671
0.011529194238015655
0.013221596878553704
0.026872969631093063
0.042832731740466284
0.057384597630433770
0.064219507859941988
0.059836855847645060
0.053736740179741144
0.056458150433216753
0.060574647446036994
0.048139940494816708
0.018108132544229688
-0.012593405694314580
-0.035090197397074224
-0.055395679517470736
-0.077289614489305075
-0.094500208331131624
-0.103344981526602903
-0.109301556485249890
-0.115548074685445729
-0.116347300754768762
-0.109993226111417514
-0.108066711618902606
-0.120130071241429076
-0.137154230644656733
-0.145717631230231209
-0.148528186992483741
-0.157585042925221824
-0.172068404929623081
-0.178400420184461811
-0.170185828872035400
-0.153235244511670393
-0.131178100420862892
-0.098700707838938057
-0.056922858140005334
-0.024177008091758184
-0.013762828829579826
-0.009795227046878324
0.009095086285750703
0.034489129679713709
0.036318479962402866
0.010199093116365882
-0.012310141474355524
-0.008556242956218846
0.009886258847969426
0.014752329729594921
-0.001428122193528975
-0.018563903158940992
-0.019108092630060552
-0.005065503669309385
0.011223764716545709
0.023620465781098637
0.035454884852248986
0.048092477111125381
0.053667984958280041
0.043697149980161804
0.022952374562415473
0.007478834252781924
0.007293322253452444
0.013234688357772612
0.002439962716308169
-0.034994323657552201
-0.079634518697946938
-0.104438393237712784
-0.101882322056814495
-0.088520045634586403
-0.087431416891316754
-0.101992022590054271
-0.116330573860702030
-0.120485596106003429
-0.120210190134783540
-0.123189060992807714
-0.125869729971564898
-0.120451467526954487
-0.107370745268622031
-0.092967796953344367
-0.079114946080301923
-0.064473189609363463
-0.054531498816035834
-0.058829698755055310
-0.076760588911427924
-0.097793524434135609
-0.114473763935704437
-0.123163420045740685
-0.115900529586670104
-0.085502927490086394
-0.043457639797155251
-0.021748742779219704
-0.034470381445265735
-0.053281708397154987
-0.049080001098762566
-0.031738982218720763
-0.037343563580330003
-0.074393755310286164
-0.109012053777589518
-0.112405062307065956
-0.088476177867350320
-0.064421147265233986
-0.062734452991651063
-0.080950677826639478
-0.102824415972352506
-0.117109079745758932
-0.121611296018904441
-0.119382676189370401
-0.114299034265497396
-0.107895414111334326
-0.100190079347376365
-0.093171191176248641
-0.089688752029298296
-0.087292673015239824
-0.078178696805952047
-0.058961826244543630
-0.037780701441747194
-0.027607364132448270
-0.032536065009371701
-0.046279162721714867
-0.061686384499515162
-0.073496187135622920
-0.075592468896023585
-0.065214691754958448
-0.050969916664893505
-0.048860025506713450
-0.064110896377867516
-0.085495050653987464
-0.102935273058181759
-0.118709723593129063
-0.137584867647480374
-0.155809101331049332
-0.167689609196534334
-0.176096651574518398
-0.187143409745473527
-0.197614302044643725
-0.198382619113269182
-0.190049159929829098
-0.186248354784396081
-0.196962053502744788
-0.215346370729531361
-0.228765484711369399
-0.232801074768213795
-0.229993052801136716
-0.224250603978126600
-0.221379483811299044
-0.227792947042061350
-0.241640844428711393
-0.252535196528717920
-0.255923983107811615
-0.260067452556896339
-0.272566084497771532
-0.286789560972063096
-0.292334842464064715
-0.290620007208269304
-0.289991912524719342
-0.290580617312123923
-0.286922204616305909
-0.283511325795656077
-0.291285325602332446
-0.306047927883650872
-0.309523709945088932
-0.294573237965765622
-0.275696203252100425
-0.270774261868038102
-0.278279269733724410
-0.287209257281557773
-0.296751199076618954
-0.309778723712346271
-0.319135012781704641
-0.315500720754834152
-0.303030005135039304
-0.297176091521150876
-0.305652277973690434
-0.320375566861581418
-0.330384227492863447
-0.331101334629609445
-0.323244148075053417
-0.312838792453364656
-0.310622350719851004
-0.321257154015591850
-0.334681018647341566
-0.337801070767705935
-0.330236916591729046
-0.322946327382687026
-0.322920931144706769
-0.325916249424321069
-0.326675895447163689
-0.326694344607750375
-0.329166291946744294
-0.333529498932850443
-0.337930537963146538
-0.341850772510952861
-0.344715662872719819
-0.346583797883205480
-0.350365157399771143
-0.357963557765365925
-0.364610625843465930
-0.363517519244080045
-0.355829900710855851
-0.350178313695889143
-0.350357633376106037
-0.350069558161581473
-0.343992407090311425
-0.336033073471542099
-0.331606890705554269
-0.327147468514457751
-0.315545814809288450
-0.299892139927507850
-0.294728429888512777
-0.308939076068003526
-0.332077471243899081
-0.345888587164162709
-0.342953668545050716
-0.332251190907238647
-0.329501719450117969
-0.337933314511527860
-0.343967972565726976
-0.336153959320064533
-0.320201633784166773
-0.312426009284889838
-0.317866851066229583
-0.324302290954270545
-0.321275342818685972
-0.312154363885382091
-0.305947133994224019
-0.304383967166941272
-0.302912639954747709
-0.300236969159133893
-0.299479924387392571
-0.301749240468533131
-0.304084419292938724
-0.304037371523254163
-0.303195428935063904
-0.305815719891402882
-0.314430936648214199
-0.326471905651857464
-0.336116097068120623
-0.340055586540916055
-0.340195524737057386
-0.339932108918287290
-0.339817697193586898
-0.339530278953514952
-0.341468523460989881
-0.347698634352510028
-0.355508254454260930
-0.361389758735655930
-0.366931628052189263
-0.374997239690937123
-0.382379746207681781
-0.383425801959560442
-0.379590456242591801
-0.378580605052076580
-0.383157293594971082
-0.387910830997137968
-0.388582596368229671
-0.386053041698818933
-0.380468360362625879
-0.370392372755294796
-0.360801050043520144
-0.362293058169166793
-0.375428917988567479
-0.387479084446495037
-0.390718944797840750
-0.391490321961086685
-0.396969700398169589
-0.402081391823599588
-0.399322731885567439
-0.393282346738806354
-0.394834217316538894
-0.404185339656039533
-0.412148693011720968
-0.414871301353968547
-0.414691259588799710
-0.410599587210591199
-0.399805913227765042
-0.388515493494190012
-0.388515215910071432
-0.398513684875479446
-0.404662844684894440
-0.402893354308796470
-0.405530188377090206
-0.420896883549478074
-0.438329663084471521
-0.444885891346270990
-0.442616472399222527
-0.441886904335705877
-0.444221952298771705
-0.441686553797317583
-0.431727216197524521
-0.422093376676499821
-0.420087979414544344
-0.424203803969434801
-0.430132494037470003
-0.436549913597661265
-0.441242036395699699
-0.439066155261815916
-0.428166457984454851
-0.414727485635492332
-0.407461991171195193
-0.407610605564483031
-0.409012075657100183
-0.406884635803436367
-0.401867853382624096
-0.396978107775622702
-0.393655967530016193
-0.390668551812716980
-0.385716438918891069
-0.378786065191193400
-0.374460150895637334
-0.378226286835199432
-0.388548403003135978
-0.396757162069015457
-0.397268831761221075
-0.394913124369566271
-0.399801337292111425
-0.414243106419210694
-0.429298306358638637
-0.435655821167003854
-0.432596138664555485
-0.426549567131405016
-0.423103958052900131
-0.421250508397419954
-0.416733936763070800
-0.409606716532885939
-0.405801564340226961
-0.409837023032112779
-0.418090379603509477
-0.423232255652330802
-0.422968255811182470
-0.420451116282358872
-0.417133691929127082
-0.410101821638510722
-0.399096229377342127
-0.391653749947966645
-0.395067497289743441
-0.405068696292721464
-0.410864887311750082
-0.408549807488849281
-0.403126493846236333
-0.399154501520809779
-0.394834478728945504
-0.387747889280516067
-0.381053658212525570
-0.379575250533361608
-0.382726836013161598
-0.386200288648334000
-0.388485212316725281
-0.391393041652492668
-0.395529470739063194
-0.398868507618527213
-0.399908306575279981
-0.399777965891188414
-0.400531362519235490
-0.402258170911142132
-0.402546232869196108
-0.398963681347168198
-0.392087305023412491
-0.385673332703410532
-0.383053654598690341
-0.384144712140018219
-0.387478365998652374
-0.393222486947713112
-0.401391047502482778
-0.409030559169043850
-0.413130067975325255
-0.415529578948229283
-0.421180422561494794
-0.430956214932974091
-0.440116934056326681
-0.444786001212487681
-0.445981163177898488
-0.446701657917785155
-0.448292614922339405
-0.451045107125572775
-0.455248173268043899
-0.459367428654327337
-0.459891704888801711
-0.455484765775086453
-0.449669981579104650
-0.447035323216451785
-0.447438313091146456
-0.446818270139604068
-0.443098838917863946
-0.438646448825479984
-0.436979817639643997
-0.438486437306909838
-0.440332543607824367
-0.440289250005519994
-0.439646508882882592
-0.441275610829957810
-0.444611939034313730
-0.445188024046303199
-0.441028905990923037
-0.437013431380613104
-0.439226246439442858
-0.445814484572293335
-0.449266037885036162
-0.446746909696552841
-0.442705456039872880
-0.441660663962847089
-0.443281323503721181
-0.446572505444010615
-0.453214644192253990
-0.463210988056934059
-0.471863520287020055
-0.474459734976920511
-0.470821197650637235
-0.463646823629065286
-0.454846889099353557
-0.445284363880584677
-0.436464498876052209
-0.430673388014902403
-0.430257057661709741
-0.436202005587191133
-0.445025054653286789
-0.449246123311299095
-0.445186889571753897
-0.439200042247516853
-0.440599401460938567
-0.446948340411845169
-0.446091912182888906
-0.433611426397338962
-0.419693478204423487
-0.416004513681257460
-0.420456408005925986
-0.424023756189679357
-0.424471433056313074
-0.424658027878698774
-0.424811589203969442
-0.423911367117064675
-0.423689721539919906
-0.424400867707873108
-0.421218013479763398
-0.411088325580064695
-0.398980627809864430
-0.391705735487057560
-0.389205087810804984
-0.389012935260399262
-0.393102967340540288
-0.401739832973541100
-0.407898455078676281
-0.406503956852351633
-0.402737482337110264
-0.403814484182553723
-0.407289010252284367
-0.406976204151291654
-0.404351750707771185
-0.404116511009833035
-0.403881260672024900
-0.399052152151385675
-0.393002061822145143
-0.390932839880606786
-0.387628448096856593
-0.374662794450621228
-0.356396633463412660
-0.346181813218583323
-0.345878179413431130
-0.345270000489786955
-0.341947156131702901
-0.342804086349447812
-0.346636444631632235
-0.343366562300409961
-0.331672130680683908
-0.321588762848344367
-0.317218033643590136
-0.312261323143110392
-0.307214959677246879
-0.311589059028581583
-0.323088428391542504
-0.325812752268109573
-0.314619915627624036
-0.303289648421872893
-0.301750833693079534
-0.298890393727259340
-0.283017792937781509
-0.263172943841425089
-0.256561248564105671
-0.262065201863218911
-0.265754608715397689
-0.264181308695536021
-0.264405261152399040
-0.269133710766203071
-0.274726558947652300
-0.279542418247944346
-0.283975510115228591
-0.286752492236759693
-0.288216792293945145
-0.291811482643141495
-0.296692697663675786
-0.295839779778216738
-0.286673674867757189
-0.276456568408695147
-0.271684319677979569
-0.268882074444953267
-0.263575001149769506
-0.259257451389209082
-0.259323159468196618
-0.259312844599704162
-0.256320370470836001
-0.256730424453482931
-0.265072677734683904
-0.274032348982012786
-0.275760773269590365
-0.273535790815641167
-0.274226485856351121
-0.277089012262468848
-0.279393881674432021
-0.284866856422968717
-0.295655713435102885
-0.304233458140176549
-0.304451151570934275
-0.302950277125642486
-0.309401788330454397
-0.320076937229308078
-0.324239077631716222
-0.321446984210187359
-0.320853660708558697
-0.326306699512257881
-0.332749845684927603
-0.336846164560223205
-0.339736261512128213
-0.340251974677199809
-0.335713994359837398
-0.330014996157280582
-0.331660079789429907
-0.341147997922572221
-0.349829900658982451
-0.353123733327935341
-0.355530757779145778
-0.361549806997716772
-0.368950516360672109
-0.374231864652419421
-0.377916794835552960
-0.380846029286736054
-0.380674522032446006
-0.376220166000739153
-0.371626316312853922
-0.371390267974217481
-0.372886390940896262
-0.369545960418255826
-0.361187064922797840
-0.356670531169607563
-0.362963336554289140
-0.373735050464726548
-0.375632010864138999
-0.363661122340197540
-0.346891850221470177
-0.338659995649443601
-0.340791694437631909
-0.344459628212872460
-0.345080822589416414
-0.346257996866171314
-0.350016235699868949
-0.352471448258899644
-0.352327661451765861
-0.355506748634038416
-0.365629427000904839
-0.375814143638047216
-0.376766641828139792
-0.367719079290340978
-0.354939219727699817
-0.341951106625485557
-0.326012371675654777
-0.305360898246965884
-0.285494444063678965
-0.275767236419912964
-0.280299749824031941
-0.293740035484759243
-0.306268314578487910
-0.311980879744456652
-0.312756459222515271
-0.313522487533795413
-0.313332135872178563
-0.305286785015398299
-0.287819545800544474
-0.272245365432858932
-0.272676750632195541
-0.287499091244365124
-0.301553823622029427
-0.304876195691044405
-0.300044524116819367
-0.294884383361044056
-0.293404329193675095
-0.295110198708122717
-0.299153746131725073
-0.304034482528301231
-0.304456824461327269
-0.293488417706707971
-0.270061657333502070
-0.243402005798133453
-0.225971476723278802
-0.219579193671700895
-0.215900985060263478
-0.211795143546405523
-0.213060007351921349
-0.220110941545011457
-0.222217184103266546
-0.213999015836443124
-0.207706224072627649
-0.217701710008639832
-0.237033970955506629
-0.248095562623773108
-0.248267838476099373
-0.248901853385491784
-0.253010425654786153
-0.249257205142968591
-0.232068514593394865
-0.213720566635026282
-0.209695591055776648
-0.219197602831128241
-0.232112945376498431
-0.243985088362854513
-0.253401456499088740
-0.256841873452624991
-0.255317848595198127
-0.258063417991191479
-0.270295807133472010
-0.283774860953223462
-0.288764479855863287
-0.287387672125043236
-0.288827510216603023
-0.296338898412786489
-0.306521646143115167
-0.317982835993360968
-0.331647631940202636
-0.344959057281916004
-0.353071091943955029
-0.354551891995247059
-0.351445684343306475
-0.344980574860338063
-0.335068528749933092
-0.324112542355669664
-0.318075303638879259
-0.321883145225794864
-0.334048211190203004
-0.346643954454331937
-0.351283894308347833
-0.346249713554732552
-0.338031352297726850
-0.333251949244429801
-0.329471815731083750
-0.320325046103215327
-0.308295003838492510
-0.303636579292789865
-0.308364935153248254
-0.312328226013102950
-0.309391565506588861
-0.305993143717773419
-0.309909520414560102
-0.318727341411926379
-0.326010495821695168
-0.330266113221582169
-0.332017291544283055
-0.329996054486591639
-0.325612028844803114
-0.324643561137441305
-0.328802050350850528
-0.332178310836363955
-0.330856154134605007
-0.327907200102341090
-0.324833955075742753
-0.317082839323057031
-0.304528880232279309
-0.297201453567459861
-0.300505989087966108
-0.303836549608689666
-0.296533274953436066
-0.284445380609650744
-0.280369593866479083
-0.283421367665163126
-0.282577094558958297
-0.275532173228548394
-0.269427953303720047
-0.267405279801159690
-0.266892996724093390
-0.268210694394968807
-0.271731159182507120
-0.270731707831294965
-0.260447334068454328
-0.250852828580748199
-0.256525457306203242
-0.273339304758803192
-0.284092032704443609
-0.283199930025647806
-0.279579064512490927
-0.279480998248602841
-0.279442817166349888
-0.277778595003029594
-0.278249838158399432
-0.279292543896055179
-0.273770826251122035
-0.263326609165568937
-0.260310364203155786
-0.268883951388643960
-0.277416601048448341
-0.277164473019077651
-0.273592102142548921
-0.274159342444097232
-0.275916784461658460
-0.274209096758081472
-0.273683322750419511
-0.280119189613233788
-0.288448921188835583
-0.289915574333641568
-0.285172294152701622
-0.282119764975790499
-0.284172339241331340
-0.287879697304732951
-0.290113688243704759
-0.290156218613086270
-0.287313702664982906
-0.283053515209045314
-0.282900763433164393
-0.289336793382164892
-0.296023926667673298
-0.296850372157434150
-0.296436975817668258
-0.302781644195265875
-0.310958968714915018
-0.307045269280900368
-0.289298157929766320
-0.276066103631658066
-0.283887692304413686
-0.302339593698254250
-0.310934787830888570
-0.308785985507773253
-0.313100131618078592
-0.331200291776774347
-0.348181094697149862
-0.349818221566732701
-0.340620204937417737
-0.334890820135125167
-0.335687258100586972
-0.333037689392968073
-0.322241867014776973
-0.311002507831372510
-0.307167557031640004
-0.308252574693438919
-0.308390563252847638
-0.306642915065850397
-0.303460135197610503
-0.296706541659647161
-0.286158314083928111
-0.276055433326645283
-0.268036808036346774
-0.257030059921418141
-0.239894724689666800
-0.222622762130577329
-0.212332721271162789
-0.206184376929050034
-0.196937081388753793
-0.184803561996503302
-0.175547124502274637
-0.170643272340400137
-0.167630875246625261
-0.166927404514316563
-0.168963001297179588
-0.167664193486345786
-0.156737569935185200
-0.141893980697914063
-0.138406387341800913
-0.151152817827039737
-0.165445326678620247
-0.164020022703399243
-0.144740291707636387
-0.122244359607230374
-0.114242628264137031
-0.123058824648182547
-0.135795682165028048
-0.141932946131790444
-0.142223906642937742
-0.141761619127485666
-0.142212039453785827
-0.145206734303220758
-0.155690834508994042
-0.172148264958035396
-0.180730599657677932
-0.170489610813933129
-0.150295588200521052
-0.141077521737791450
-0.146182491718397617
-0.147167826823445785
-0.134979278808578435
-0.123710478686025721
-0.126603368814088540
-0.132876757844513943
-0.125727170256566573
-0.108144359708925913
-0.098467608632987785
-0.106542121495783043
-0.125805230490371872
-0.146125978645856330
-0.160601733877090785
-0.165548037219024918
-0.163894959459604778
-0.163524446292391629
-0.165215369402558571
-0.159477837673772355
-0.142028779670646782
-0.123852452469105506
-0.117000594785534956
-0.116307250609469476
-0.108901217716565496
-0.092832961198613534
-0.074840415733328808
-0.058525041229469471
-0.046010219367542154
-0.043360721389691742
-0.050846748698643612
-0.057808030547008699
-0.059193330922236248
-0.064132180434049252
-0.076991580507774909
-0.084798015747295091
-0.077744080484657557
-0.066266672703647750
-0.063481623199163423
-0.062522753917454793
-0.054104514446240121
-0.052480869945672165
-0.074887205302750642
-0.104182281800311000
-0.108562871534831823
-0.082771087755942802
-0.051160126177619253
-0.036020769264404034
-0.034891192438285895
-0.039973684584900721
-0.052199841317765033
-0.066104428582303948
-0.068409863893228812
-0.059057789524173426
-0.054766520407850822
-0.063716439155346111
-0.073548360171615951
-0.073814195944822775
-0.069116441774545262
-0.063956335595787422
-0.052494489642873315
-0.033747978809462037
-0.021641456003507781
-0.024445874226650594
-0.026629506294466282
-0.010126222033350368
0.017241220344707292
0.025048690743106311
-0.002628257900343073
-0.044362717513842492
-0.067953584308901333
-0.060845235354964139
-0.036347452023341914
-0.020149118570267049
-0.020570232585945286
-0.019990927045671875
-0.007186987695421060
-0.000122298819472816
-0.019989908230327563
-0.052281044749502931
-0.066966762193039792
-0.061033151605527719
-0.058010229056331269
-0.071078442843551054
-0.086744604823574184
-0.094485810215317129
-0.104433109040903555
-0.126360185894630300
-0.151108048503324294
-0.166148729716674187
-0.172695428401960532
-0.178864347372777704
-0.187000593518593133
-0.195549002377769204
-0.205677201904077817
-0.218021997770314419
-0.228940852333467421
-0.235328655489499800
-0.237654253443552205
-0.235922173804363672
-0.229315231535713454
-0.221868106541733195
-0.219945228973571411
-0.220697423775713580
-0.214161560833846326
-0.200561341466367643
-0.193812821056624590
-0.199800112532845159
-0.204084761740705917
-0.193357554619179611
-0.174202781750382313
-0.161772651373479098
-0.157234271521662056
-0.151986609811671253
-0.147554609732335501
-0.151392674419637024
-0.157556889684135087
-0.151454953265833164
-0.131786901979859122
-0.113524481832000840
-0.106538020166766861
-0.103144204740434203
-0.095541621936131943
-0.090923527789409958
-0.099839862835409715
-0.118361752326649722
-0.133753529241957519
-0.141795507816006833
-0.149724249474980559
-0.164189568424386173
-0.180877846608538256
-0.189470118682379424
-0.186466804537065795
-0.179716722393894496
-0.178628121564487846
-0.181210125292725982
-0.178067571793532858
-0.168006055960476602
-0.160830821163844312
-0.162544848334319841
-0.166937034189718642
-0.167936651719826108
-0.168646615864002675
-0.170772057549248762
-0.165811016037600206
-0.147866884263051085
-0.128606882789140148
-0.126268443892104038
-0.138818510617198215
-0.148118915488120645
-0.149082271973421415
-0.155394765016695163
-0.176076845207763816
-0.201000154436123984
-0.217131103671185516
-0.223354749376705325
-0.224222969005545752
-0.219644824830773661
-0.207969526250424669
-0.194814238796857803
-0.189955665953222802
-0.194555518025476354
-0.199778922595750169
-0.199320830673985788
-0.196351016780523496
-0.197773940897993411
-0.205433262308413994
-0.214800308405518586
-0.220136662568610114
-0.219061547664349404
-0.213899854479177060
-0.209624809184809441
-0.208975123740980179
-0.209662698939348996
-0.208095883812581067
-0.204671258827703789
-0.202524993965615990
-0.201117788730696551
-0.195093839510253636
-0.181947900205871177
-0.168556575782465329
-0.166374914624776077
-0.178503412504222886
-0.195966923762693784
-0.208179247171715681
-0.211908458663743443
-0.210593185048444959
-0.208906630065532811
-0.208294822638776994
-0.205758701774130720
-0.196422526107318279
-0.179366169428919836
-0.162258997369261110
-0.156457577546525145
-0.163142004428087267
-0.170575550509548785
-0.170391998957957008
-0.169944412120470539
-0.182006064379759441
-0.203328275705281808
-0.216115303130089448
-0.210748670444286718
-0.196326575106821305
-0.187228336204790319
-0.181968211310801903
-0.166321103752121974
-0.136423614448002023
-0.107492891627369552
-0.095045506441217592
-0.094261021715921350
-0.092091754096978479
-0.088862799635361395
-0.093250351284549643
-0.102829140358380228
-0.104999815769674459
-0.095490844247852286
-0.083882570240772530
-0.079844476039526185
-0.081658129601146850
-0.082685302353368156
-0.080006855585743747
-0.072908936745483516
-0.062448967469405009
-0.055978605729603365
-0.060899579593720526
-0.069121570022513540
-0.062723555270628811
-0.040208403749102978
-0.025208141805143219
-0.034704395545740369
-0.049385069649595353
-0.043803941373560390
-0.026027440817782438
-0.026916206455131958
-0.050189930346443618
-0.065359458555204558
-0.056188808462371759
-0.041993072228295208
-0.048091771082353546
-0.067671758610897165
-0.075678191794897348
-0.063726553236710309
-0.043971642276511652
-0.031978163702106294
-0.034217388344806837
-0.047570199564334642
-0.061673634352362866
-0.065902505818292184
-0.061845764923072505
-0.064056709182440136
-0.079443700514566645
-0.094056025528664128
-0.092056443555794815
-0.075798593233003114
-0.059152880506511935
-0.046786939000876521
-0.032344955407598880
-0.015477880482006962
-0.003660746840807333
0.003124445003276882
0.011305864004167304
0.014897989347074952
-0.002043054614736889
-0.036569327175802441
-0.063210206620838788
-0.065283141529989180
-0.053358253747385259
-0.053954560050421124
-0.080373644310523101
-0.120059677863304765
-0.152659244902526609
-0.167382255779331551
-0.165936598981948374
-0.159152196855628231
-0.158403780974381819
-0.164564568838386799
-0.168441603971493908
-0.163567153036795504
-0.153482756999111208
-0.145102956310803860
-0.139005802611015056
-0.131487605768700805
-0.123399418836704605
-0.119856838933139948
-0.121814555367583371
-0.125076186316319587
-0.128100112630992552
-0.132840068338061085
-0.135812287075923105
-0.126323095042492312
-0.098728449593272899
-0.063280404129636564
-0.038756771860615796
-0.030858296349429409
-0.029148065790548655
-0.027667455134525204
-0.031515101533217266
-0.040573510110084726
-0.043565072962959889
-0.035849483230809304
-0.029704550895667176
-0.035444279221179015
-0.040677686242441086
-0.025470102723496396
0.010179613958230277
0.044215114165815667
0.058169063938249138
0.056123411275807639
0.050943094823275942
0.050187316614798222
0.059357187232060710
0.080272791095224866
0.101941411536913579
0.109131626255034669
0.106610690539818614
0.115089211742020664
0.140403510575329044
0.164970266207705357
0.173811146506484299
0.172710759225259552
0.169441151147641106
0.162022541580121388
0.156276357628677282
0.168865132265972967
0.200724667355442671
0.226471245041774821
0.228544840382856579
0.223937514925085596
0.228924920565569540
0.226719811607131477
0.197191184599246533
0.156490867913031767
0.132268000895972543
0.125876517467276100
0.121652234569551515
0.115361880337523232
0.112820525851796999
0.110316681866701710
0.101980379988350606
0.099752229763703321
0.120654947636583992
0.158247962629874367
0.186094872066928957
0.196570337090780617
0.211376404580884220
0.241161188687851386
0.263263112978740499
0.253189262458515585
0.222193785430943341
0.198918222297944286
0.194440005431640278
0.199114053819587106
0.198467795602421088
0.188038798771561128
0.175988751277530081
0.170770513137615459
0.167155662873396421
0.152314528109573771
0.130052196574557660
0.122376220750946757
0.138027844714870479
0.153628962408060760
0.141600665924527552
0.113004542715448103
0.098687075803678498
0.102809931522611059
0.103230581738093269
0.090346350261503033
0.080679379952681568
0.085282568411697207
0.092265235074715152
0.087402624701481274
0.073550218926451277
0.057608908755570315
0.037658197941523003
0.014405181675350404
-0.002584492122447296
-0.009811036702112613
-0.016955051577142083
-0.030051245395155496
-0.038663185360520075
-0.030912915559043436
-0.010950380105535423
0.007124211996257873
0.018226095914362611
0.028269934334297447
0.039989393596571915
0.051028104996911766
0.064006218847623225
0.084723799434337804
0.109421741573521331
0.125511890995006675
0.129646671665301610
0.134400772729840495
0.151892045411996829
0.180136967950385113
0.206481857016970721
0.218767013155739404
0.212934846880100087
0.195657080946859047
0.181298598385974369
0.180630571801807610
0.189915826064503163
0.194527781795351545
0.186973273368718024
0.174683856379249963
0.164845413584090300
0.153938986418191565
0.140930958865280814
0.139583189602876828
0.162735088021178947
0.197139525052289238
0.208476382113034514
0.187966806765266087
0.170001292379346219
0.183115511261798231
0.212443716364869889
0.218290263270220691
0.191821155411676963
0.163346184630555585
0.151863678793780238
0.145540617393987798
0.129272597504037495
0.109420322728204317
0.100917233389539257
0.107295310586269149
0.123148259884154759
0.143949842624366248
0.165125951331542703
0.180953257533950390
0.195547949433676788
0.225652888059242190
0.279798220948502041
0.337754604792000479
0.363829550360012521
0.350865618000381185
0.328030842559078439
0.319840203503666598
0.322516061991771186
0.316982726027245643
0.297234732499403465
0.280632908638813627
0.284444471354890704
0.296895397548130213
0.281898781824707512
0.229760881434878023
0.179257429795814133
0.164146804582670697
0.171480128511945246
0.161795518590901549
0.128864020848897448
0.108643068313749008
0.124500170444952291
0.162441346924310087
0.194745609489142296
0.209685071580927390
0.204739620293832830
0.176403246953661025
0.139955777723365177
0.124215185229399422
0.131056296027450697
0.126089558907688998
0.091543570712796590
0.061451319267820853
0.068261258867206770
0.095269596706971077
0.098825078528888971
0.072755630385482689
0.049040421831890807
0.040154218258708768
0.032367679608528016
0.022045948688551670
0.021370908293757290
0.027712696459711056
0.019835991366916689
-0.007712690606546030
-0.036936945146166883
-0.059627507826151366
-0.086013888339014605
-0.118701947092267140
-0.143015579383279273
-0.147988623898861943
-0.138182351143781551
-0.123814081915602864
-0.110744027642669357
-0.103649275529354462
-0.106815236501588778
-0.116217589703902530
-0.124410990500865931
-0.134826712872474747
-0.155553894818447530
-0.178858144572032335
-0.186587631954303418
-0.175305836363374185
-0.161461289321748885
-0.157972289075177380
-0.157155807421470090
-0.149566375114832645
-0.142064005120844633
-0.143805572843524937
-0.148634132154508297
-0.147722201499535438
-0.146323518578185624
-0.153181856699371483
-0.163514720273291975
-0.167725527558748727
-0.167046989414957353
-0.167894857113282364
-0.169406544151661037
-0.169360092055255401
-0.174579903808648768
-0.190508607197850816
-0.207251725103544865
-0.211576189751915417
-0.205568743081718713
-0.202892379116812377
-0.208955352301944425
-0.215873834165971085
-0.217271470453002130
-0.214851256971126753
-0.211457196735328173
-0.208494222840503146
-0.210061234849041961
-0.218808373131859774
-0.227432948698907428
-0.225319468392524619
-0.213285241224309613
-0.203319074827316953
-0.200985146768475037
-0.197253450297130400
-0.184074282491165003
-0.167578762489574734
-0.159828031256350728
-0.162739376774889061
-0.168551753582411395
-0.171099318753762747
-0.167717943154782639
-0.155634143634383021
-0.135231167706848981
-0.116121292982262952
-0.112300973426410572
-0.127160624171517328
-0.149784400630429221
-0.168179952156066209
-0.179398580458086349
-0.187322921235535872
-0.194577599116393413
-0.197889625635452232
-0.192301793393763992
-0.179902105770129578
-0.171851925312453885
-0.176383069243252116
-0.185973737376387477
-0.185732225459654871
-0.172329086123047787
-0.157874321721905214
-0.153143990668242497
-0.152415482739283431
-0.144728616184002817
